1x [6312]:
(4137.204515258147,68.90978409670214,1615.444637832966,1005.585244445616,815.119215174973,2579.5485758916598,239.82016051384147,42.00538393779909,286.4257348495346,900.4726182082023,1168.8298408629732,1579.98215035318,526.6051502823067,1314.983325975867,306.446187876694,2802.543570418938,537.4409351785424,1172.6296696971772,1342.270493304108,1209.584409275785,502.2126252142152,2517.9279080434667,2598.7089882256455,78.3353271599522,996.4143108239304,191.67090940864023,44.409013169272264,2134.9896895621805,1104.0435069853404,223.5864828365586,2113.245804448029,136.27056506918154,1840.1428915924362,1827.4983204681482,3623.068871911479,1569.7483083855718,692.243656128146,977.564768687031,331.9989058508911,2745.817117609401,464.29412354527676,1469.602487392333,802.1265188572225,2216.0284822665653,471.21383339409977,339.4432619744698,350.6849096818176,4970.193195563425,664.8186169063296,1794.2084630372146,82.73581863880145,428.61174020155005,2264.0308388087637,388.7328163812682,3034.66994044747,2092.396521505043,1409.5544692460269,105.25730344022247,2226.878924695413,1454.099063296065,99.68157880676007,3091.6522703002693,1958.550507719819,1661.7327999310303,3018.0570243503394,608.4831287936934,414.31345263607614,154.05960435485687,606.520326909854,3447.323534604128,346.18568970896604,508.4004942408957,8.590887021264656,86.60201623757793,1103.3325993506924,1970.638258577227,1289.9994988197657,909.0230959041365,1246.755908992924,5874.853294314382,531.5420005916617,1178.7161282642412,2349.1414718203205,1066.8412469417788,3143.8926651995157,2631.272034341678,1226.5326905611298,690.3184496592769,2437.3368592670345,871.1431283944866,502.258706983672,1857.7434699785747,2363.8293736478704,1285.5594562452497,788.421409231162,)
: 0.858800594580137 at 50 : 
[0]:17.0-1306*0.8978787669963072=1172.6296696971772 0.0-4326*0.9563579554457112=4137.204515258147 1.0-281*0.24523054838684033=68.90978409670214 7.0-287*0.14636022277978777=42.00538393779909 (5419/6312)

1x [11291]:
(3992.7479302396523,178.5289117166113,1108.0854105977114,1382.1437827407321,1464.7616352441532,686.2026957969055,1604.9190201196825,816.8570894191716,403.1548067491184,156.87425901728912,2339.7217708181956,2805.439691763698,2485.4645036797137,123.52737301608596,321.8947868888467,1620.1011384812623,6092.820376387015,6118.242155765214,53.937842942505974,1561.3955648426363,7634.581487419467,3982.653965386119,5170.767982045867,89.6792473769567,1371.5625782171076,88.60866304806459,905.4549499271272,1475.517262243195,3020.007252906981,5299.762498792573,8958.086544894219,586.0350663059028,3716.247214044763,3255.7892616061317,5714.290617554532,182.17719754807254,129.5761984797872,45.20198194645223,4680.077696727594,77.76730874705517,4216.777363250146,1760.1508438429078,1683.2657988987644,394.45360456211694,1718.519797880773,5035.343071283313,990.2320874450669,44.92063767830528,136.12391214967235,509.88304081495465,5327.151028826394,593.9699503124906,3142.42114015615,2721.0987616961224,1806.8161735303506,954.0766294901022,1989.9596458492229,1740.3477657006142,354.8165956142484,3324.221001454882,1292.6878016841642,2332.579550835624,1198.5352801614324,4868.562355945723,480.2017753498918,832.206026253218,4043.45200627676,7207.866211164764,94.20865030763652,513.0973634243018,31.201815368751443,3901.4688468328045,2276.775111826299,130.80283150583998,3623.3151054066884,9408.373543675767,359.50650331352466,2053.4396247820314,2392.0458156209806,910.398285153993,4428.038737256571,200.28801576195306,5913.984594261701,219.46822381130096,8957.700654432718,304.9580190051528,8225.882664122715,8172.688015888667,1477.8140632604945,866.7477618031476,1118.5283504769948,2020.2802484303147,5556.830882572868,904.3251221527531,777.0025387856922,1193.7055337509503,6112.606533665996,1841.746854030713,9268.41390914909,1270.94803879134,1212.1111263721677,1460.6033953037424,1166.2317451174101,861.975590997744,4028.1079545484595,8010.769693491104,3001.5648658405694,83.20204344842456,2998.9334378194294,3412.836363179792,4565.41995442559,755.7563762612118,5807.732480059837,6698.834787647379,1975.5449319647375,3079.7029057057907,7957.261342159092,1219.0253370355238,399.55658799929944,3742.9694258063378,3985.2650328174227,12.003140996059685,)
: 0.7128088464796898 at 37 : 
[0]:19.0-1674*0.932733312331324=1561.3955648426363 18.0-1573*0.034289792080423376=53.937842942505974 14.0-7820*0.041163016226195226=321.8947868888467 9.0-179*0.8763925084764755=156.87425901728912 (2091/11291)

1x [1022]:
(37.235258386501165,404.63618956784984,118.80538584584083,247.39016768790407,16.186036656971524,145.05917641472783,213.59885569080237,26.791274575376946,189.7293681056576,306.52012430111625,183.62033266075267,586.2972669290715,33.73753161955382,170.36080464915074,375.75252053721607,111.08681613236114,490.52642056564343,273.07465304305384,418.74911022246175,214.44195729719323,536.9001425530873,396.0589789202284,379.27581425600994,153.018401102473,769.1379122853043,918.2095130960889,528.5348014156937,658.5056208890458,573.9970437940316,645.038436086884,967.201810402976,60.98702066748586,218.97276672911346,291.60670514596876,342.2236826050667,85.67175261763191,125.67723964901381,504.48155151996116,628.9335784532439,385.75943983867035,330.99238435825487,109.25955080269543,404.04539022512495,82.7719801117783,123.34673149944967,115.48494005529868,523.0160819500736,201.17033422292604,307.1927363499147,22.304292458589575,16.0901471896577,368.7827571950152,111.21452051839945,306.9525175964738,49.750170512726875,780.5306754839115,)
: 0.3959258214949607 at 9 : 
[0]:(0/1022)

1x [52]:
(18.306236170618554,0.964224293740847,0.566577321564004,11.894452025208329,16.711985961453955,6.482703431465131,24.121156857733766,15.463009787961495,0.7039351639382343,2.2394294015004492,1.7998022409941161,2.775019032488668,7.4171668831791555,2.7259740888992603,39.38521607886426,32.802793730353656,16.16687551919766,5.191230843609486,0.0,8.274346591876897,4.448084330760484,3.8925917480414265,6.440709555204946,24.153463396638365,49.9288018850873,10.6513487180928,20.949727098665267,25.424897416611955,27.268069193840915,34.575520964762,10.231044897777123,42.87163835122195,0.0,12.814768223826926,45.25698470807781,4.083637106650715,0.10386861557743365,0.0,29.022059094800504,0.861642760053551,29.330697291495557,36.03081437719169,36.5296759848903,4.630240026862337,13.193364863072981,34.814917032509705,31.385004651992976,11.690902582368919,25.519889895274453,1.8311438445055956,23.509293947529358,3.5960803718349337,35.533362673492455,11.558692676840316,20.05343235420448,4.691713965350113,0.8009857495950606,19.357226060977226,35.699688273226656,)
: 0.9601692670209097 at 35 : 
[0]:24.0-51*0.9789961153938687=49.9288018850873 18.0-0*0.7600997408373686=0.0 (49/52)

1x [6253]:
(1910.9061129402223,1660.949978803389,3248.765528360535,2693.371335428116,1696.0259247189606,788.6042199187206,478.7789865452316,2772.9696559675244,866.1058704622081,2331.689731940525,2940.415718218293,126.48563962196631,2977.030017643911,314.40203023019666,668.9886461322205,560.2111531752984,3640.929445007918,646.7767006420023,477.69268210738375,4468.631618819437,2704.667026537759,1646.1945204623512,1065.5083763541036,3078.265106431517,708.5472363533083,1381.5123437647944,758.0780116516092,3746.1179210698256,497.2339593033534,4408.895680604991,42.917884086061314,2797.0996142284666,25.051375414010614,1984.1264116347434,1975.2126180542616,3201.011048868773,2704.572196210254,1124.9088767134804,2732.356192782908,861.2848887905272,1664.0382857158127,2807.4365531555695,1612.2886094276926,1823.9604549767519,2381.286531960572,2056.870028998673,3432.7514941608874,193.48602391171127,3227.6147045790494,450.9879846583854,73.52586358339465,1113.290345300305,540.2145482594074,18.406005988872963,2000.4159267810378,3273.6938038398807,532.5334925232454,2009.1911615979377,2317.9909610171712,2253.1712145970137,3325.7259174187348,1494.1022279597082,2100.6952005637286,184.73013529501503,58.805624728236246,1237.3731612591737,2722.580863614235,1458.4562622345265,2274.567425427425,509.04515566905843,83.33026653335119,3712.20334847589,73.00971189398508,)
: 0.887571028205654 at 7 : 
[0]:10.0-4571*0.643276245508268=2940.415718218293 14.0-1601*0.4178567433680328=668.9886461322205 (3608/6253)

1x [7955]:
(3019.2226429808993,1216.862381707737,422.00580862268015,3403.162812601238,2231.6831703318207,4702.161641093974,2264.5144123979912,1173.382700403253,2359.783288569806,821.5482073857842,676.2196000136188,4220.814379654564,1312.5982288861896,1156.509032033572,2992.8671337655974,2277.4333952806037,322.5981593729082,575.7308089786379,2392.074570271976,814.1006881810837,136.02835575056525,2191.5095210561553,450.0150651392889,396.4687551298243,719.5140205269203,675.2723781128549,1610.383607614984,3203.5364130714147,5559.354650338093,36.62558583754974,1752.0173289784136,147.3951258947956,2242.6329390502565,7.226768565648507,3993.2379289881937,2412.1438966374562,254.82694719090372,779.0255901205718,2306.2909889488587,896.4426006441277,2256.215934463219,677.4299659665468,156.7814348441915,535.5149992487611,167.37118635282587,506.0403164785938,62.94530770281757,456.8144593533976,629.0795462858283,2117.187273249851,4469.622502990191,6120.740202266083,2642.6388280893325,2142.734851403662,1136.351792135012,2413.0490962474432,786.1510011842715,1767.593494929334,657.8558001157409,109.34802101801596,342.95773716723915,4286.391569911108,2615.807114412322,1219.9188860912125,496.56218404436476,684.0316766555273,3275.6615893038183,134.97797814126707,3961.625279676297,5197.27122570558,1537.1983355443556,476.59819905897353,803.5151992069515,2676.3487032490425,1232.3972167774511,101.19154010463558,3430.2851783849146,700.667470994565,5096.628595629247,804.3255001854258,611.4606753961631,3354.7981923421908,3151.5018688442347,2.38119746140062,5236.334590207747,3412.3608119786186,327.9077698794353,722.4085728981258,877.0873894492831,846.3211826464202,2231.9553132825845,474.75594527565477,3325.440396737489,4252.447596049837,922.536650194638,936.7535156219107,861.6269889447975,589.2411438005547,96.27155239715096,96.19464980693378,2980.6568564822505,1424.5740679390485,4150.732929136874,4744.120606987615,616.6297828658627,1142.8803451200254,10.363543384413546,7566.970660527925,803.4271889696757,362.89395628856636,)
: 0.8917958782358203 at 45 : 
[0]:16.0-4060*0.07945767472239118=322.5981593729082 1.0-2501*0.48655033255007485=1216.862381707737 (1538/7955)

1x [3782]:
(2477.757198137536,234.12739585871236,2110.239445430713,18.243390625423253,448.5198026757325,218.43633106032394,190.62001853671342,1179.7297871265675,52.67040743643583,20.87110617435975,1386.090099686651,686.570488967118,703.4037303042562,632.0324234244158,222.45378064724687,1751.8070629675124,1273.966969582213,747.5332185943149,1188.2993000007873,1138.9367787272129,1409.5288788461926,2182.0270120370087,150.54158598171483,229.57988097986495,865.2870241947654,802.9335031237501,749.6100227144652,1062.0830287786857,85.26139904302308,357.5625800901746,62.60106558270619,800.5703509384011,93.95848104980932,1411.5165097202205,3120.616299063171,2510.330891900476,2416.485104274751,2607.032850021433,418.7463902508584,285.19012729585774,651.6306187186597,557.4398321436935,2606.715069194601,2909.273547031368,3026.941698178859,247.33697003601185,1236.1972165342268,2754.5806421359903,1299.9665571545186,1000.6325810429073,156.153054283224,861.1122391140049,2923.9957116149,413.9850549179376,387.654164387533,606.5309409856997,965.1576395871494,190.13270103716462,1587.1499052925583,998.9956825190675,326.28142180898396,1553.403974047965,1899.4968673158758,76.05647736726596,5.675719744532389,83.68256304086937,1228.3838339338608,1477.6688645851932,307.6831029274094,2848.4265264957785,190.34238404412034,580.4507747724027,2411.3931778038855,1051.3188205078814,198.35142538693788,636.456794795277,0.8641336364472185,921.20228540143,2073.86397136367,137.83303805796203,1281.8081401216584,687.8716889170548,963.6207941957553,2383.1711127648778,848.8306005945838,179.32371437036792,1244.5214193036215,1156.9723330101622,332.72440848638195,2134.282982126339,3426.9591326088007,959.1126493266286,1407.8740850105282,2080.4696892432985,3123.11913936005,94.44895962369725,1148.9795478923693,623.6802419856893,3263.9202594772137,1419.0592213885911,83.86355706214414,)
: 0.735427383832605 at 31 : 
[0]:3.0-40*0.4560847656355813=18.243390625423253 4.0-1620*0.27686407572576077=448.5198026757325 10.0-1911*0.7253218732007592=1386.090099686651 9.0-66*0.3162288814296932=20.87110617435975 (1872/3782)

1x [5099]:
(2005.6032823458775,167.4425991918968,278.8151495686218,18.626619000213278,202.8046789697449,1099.4698232542491,124.26315890779863,1531.8741135550194,88.33416146733713,1945.3862310068425,185.51139364390036,431.5747850321457,3209.023718090286,1197.0329088459025,45.89884752699206,2205.7542996468264,56.391920707783775,1241.426517523159,874.3690940767882,3590.277782037378,2422.67353114704,643.0882554164477,665.7755444354548,2717.2154617673173,206.3822400501399,786.2407198691091,967.1451873263751,56.10911508229168,2793.786530889756,2875.74803754742,522.1103153310049,3427.351031219343,1193.3332846378328,1190.1532696014704,84.47932658542065,131.6235103435983,12.651030909252974,2675.434326569038,196.24037484161863,126.6617136481524,1056.4082091774906,1885.1507029568868,4278.248092075172,1724.0422124690526,302.3658283846626,254.75598459546202,1216.3102794016065,169.42599313568806,27.672832132254808,768.7623983332519,1932.3539300948307,76.62788451457902,2541.9730172576133,290.95251855985646,180.41935333730174,204.25269720776024,1968.621805688202,2799.623731372638,68.41899558070759,2222.592783995931,755.1684456585757,1908.845557819683,427.4672022459054,278.9823065198611,817.0387496519313,817.0700027204055,1888.7461569938164,2234.687172270806,847.7912748805504,297.60317328753746,2583.7558668465313,43.478989583494986,3028.75271440955,200.5760692804766,1395.7784185748783,3011.668157973172,3950.7042584021947,525.3745433057796,1989.8402273069084,148.74111922238947,3122.337461485907,25.180382931463164,293.39840415294816,3916.170969959803,1849.6813235674958,1858.9573095441353,1058.4675443584792,268.59243241765085,1978.7883605539084,1272.2162056077773,248.91534907658055,259.74560501328835,3297.749470301439,363.3422062710629,1342.9825336221097,2818.4922417975217,1766.5728082539183,382.16383800664266,685.6180000040073,103.24369567153347,19.345120734622203,1268.1198358287759,330.14206032506223,1919.0504483975394,685.4794737768626,1047.3210597351895,1703.1956665368866,)
: 0.3933326696108801 at 1 : 
[0]:0.0-4871*0.4117436424442368=2005.6032823458775 (2005/5099)

1x [1228]:
(983.5755008052269,3.2196593559472726,18.474099368655747,408.3121583170627,52.374804458109125,614.4703856755725,307.84510122660373,36.88404115565317,371.74379480851695,47.10272992652899,114.00599709948598,459.9540358512335,186.01673676114822,373.37762910929723,762.2460707071614,567.5233283451091,348.82457797259025,85.49463314834654,754.7838083159114,563.3058631275494,391.123850844505,949.3284326580139,160.98606466057595,498.5406373375135,19.26596232891928,491.57776501537614,41.914854924742436,37.90826135643812,219.44713672201297,550.7952031019433,1.2764993242222151,154.74975175446707,196.58528904095917,19.155301382595013,677.1111007714675,501.41455457311054,128.61269714788205,286.3954816315092,706.6166323168286,22.923572625793685,300.8303625005721,802.9961864513602,87.66363495830257,300.28283348900885,266.6153742191319,299.9334611942365,105.36499413224148,695.4331773177552,35.51393719911756,64.44556291297408,148.66144264026542,395.8665926442718,118.6799047056331,221.23261927724224,36.26549122599616,58.46861498494944,390.24600134211903,266.1936566377616,68.48662566223527,115.81765311455396,0.27911563683381435,31.665991726576326,394.36573682444543,)
: 0.8009572482127254 at 1 : 
[0]:0.0-1110*0.8861040547794836=983.5755008052269 (983/1228)

1x [63]:
(6.462813347430592,7.094810993844698,49.93717572846647,2.3725827169085845,11.20540596913861,20.363017330498845,19.590291318395106,9.484879566420965,11.064135549442184,57.54280508663633,2.140904770098222,9.026637348121001,21.06450181826313,4.065321295057314,12.618611376913398,38.35035570181293,1.1476431658439368,8.719652654720907,0.06714564753485863,0.7816849094951335,2.224235280319786,22.48605066027678,1.2939350387106532,17.49487128126473,11.405559929422541,12.288044577493164,10.63519752711064,11.23475334035197,5.83776909706129,0.0,0.0956450954341026,31.108261197238644,19.02083160287782,4.686519564709778,13.640163838885249,3.499674311497431,20.189330980099175,15.687700468351643,28.71980520461033,15.411841187337444,17.62492202389335,0.5552069748363424,0.28378291705446257,36.7951257010668,2.780734684522091,28.23608744575139,7.948212616619316,0.6968742336221099,21.24254725409333,8.371801739139977,42.369661172134236,29.713904664534546,1.2923329710245346,23.137547790417504,1.5199438811380044,11.677280275073336,11.57626574771178,47.59828513069439,10.193707370868964,6.325953479650511,0.7761836041779291,3.3602604130389313,0.8026957420047526,42.60870802589331,13.32063678608492,9.53896625604487,0.12369361772338783,0.04555619308011738,21.878580479575195,9.271121927557342,2.2378543814799174,)
: 0.913377858518037 at 39 : 
[0]:0.0-27*0.23936345731224418=6.462813347430592 8.0-13*0.8510873499570911=11.064135549442184 5.0-23*0.8853485795869064=20.363017330498845 (37/63)

1x [12862]:
(2029.1749241221269,4919.646299308748,766.3985466451556,159.57883668330712,2975.201211515165,3764.227911360938,3742.578509807803,2877.356946559428,3558.5403963169133,4963.131188755493,621.0153768413962,1208.5712473314989,114.73896868961891,21.782249717430766,3722.2300344991104,3682.5166638819833,3316.259005344905,1554.9429717159687,9530.880929868139,4187.721592152815,1720.2802782798453,2051.2950035974436,4077.6001176483924,5483.107765734888,3134.156983540379,264.753495428979,9257.473255961499,5.608744047054909,7604.874486969558,7780.018888162591,924.908780534922,12152.403807879433,386.29615714780067,3172.051310343169,2496.742828617764,2720.842328851256,574.3141043424207,2455.2677713248863,8637.665054089426,1916.7738025132055,7007.287519765281,2807.403211836628,2159.6872737156446,1378.3982632066393,906.1202613459138,1170.8595867505298,399.60590184868937,2376.4723817006184,812.5987985540254,6913.656813487783,4394.454272316047,201.97213737707372,2999.202830027292,134.62380092597556,2892.0822111780353,2612.139109761617,2945.493773806241,959.86707936109,2229.475443936662,184.3294959329458,1918.9806924615025,3555.4453706842833,925.4954145330504,774.4088425143489,2767.989694252096,1745.2210504906698,9630.44316916706,2856.34762056059,5458.665358483378,3237.076203382378,98.73918935736656,4728.052188103646,1127.0568150707627,946.3447319798084,1997.2901512141839,4298.7583412634285,673.0179040077187,6342.572732273464,570.6877867549382,2376.1606261169954,737.8752144695194,3167.9999885809348,6486.348619220309,4819.071375983898,6899.384890504027,8764.467508844777,145.54768937267187,1639.034398479553,9503.779434856351,484.6049062517436,1083.8519832350307,6969.676950302431,8005.03370338595,3028.160524429977,3377.945937229569,1026.7720532071996,615.5378734543029,2532.1123722765597,2772.538475283806,1974.1736574252109,2236.938724311634,2366.1257651086553,8518.185022031383,2603.615126843646,860.6259903950249,1580.6321196564188,17.207691069234873,2236.7586035834406,696.3838153920557,12150.96851549139,5888.050687735428,7743.384647110216,6846.7599602072005,2333.7936279169353,4846.156126233337,7.434834761854541,5088.434198575576,7434.249677880524,1244.2463082468266,8648.788898484125,9953.499961469211,774.56135913639,8047.803578268908,83.8802722371235,504.6828096538305,1469.4988350329822,8683.90249587559,8380.200404045654,904.4946961857505,1134.6876302032356,2008.0072007585952,1387.2901965620736,5534.739797176988,762.5231376313152,1463.962502559034,4142.080491013895,8153.347227350654,8473.728163260996,)
: 0.39490165883937606 at 1 : 
[0]:0.0-9613*0.2110865415710108=2029.1749241221269 (2029/12862)

1x [7412]:
(22.488218994061498,1889.0709144871898,4017.692701968861,326.7070798244037,1078.806772503031,283.1923654444487,867.0142283038795,2752.0341365276113,455.2090041874428,170.94241443428427,3834.38690266384,1514.0372667672766,241.0141458012107,57.488414506219925,788.6379755291016,3050.8180238123227,6083.009244554866,2504.1347586877914,418.71320606750135,2934.2959823627607,2090.32752872108,1124.5231013935877,199.86123019066036,202.5274334571048,525.1323284961962,3943.5257382125587,4409.052353868007,1968.3813585603123,636.327013220011,4269.032105490695,3862.8771288527837,754.8642224653811,1213.0838622253925,1952.6722457254562,1063.9791240491581,3600.0502959332957,266.16398041985843,2097.323521525883,22.88352705557228,467.8611100414038,2104.9104017983454,4231.917287928626,2474.6784711898645,988.9405794144291,685.8761547539655,5.044124381400515,1490.2641803985935,717.9701378048402,2449.696380683187,1937.421985250377,4857.518868560854,1648.8050860705594,3490.8113898375523,360.01973978219996,1398.251274372953,221.41102280198942,5996.885113769814,3239.6618852634892,2626.9445358079806,132.1992274771338,1340.2044573857554,3902.396910819971,702.3701693993822,506.55590724690177,1972.570063304624,83.59911889400126,14.779070096724565,464.06990950119905,1798.191246908055,4939.061980324194,328.92747817126093,2986.2117623473605,4012.0086689196337,886.8605054230698,51.765575238517,7.924559859458172,39.63899092364485,2390.1352312817157,2850.677031427652,2651.9120670287907,1017.7886953296115,2175.304890615155,661.6522038187476,1271.4674248352972,388.8458523327447,153.5329813947933,45.25238530133218,647.8058792426448,671.0728577963291,27.23796944848806,297.10487696458506,1951.2634574883498,803.6470817926148,1935.6137346006021,1275.9939613023298,536.915422742917,3333.7197127467434,3140.078360557187,3618.354735336457,1956.2864123440802,1795.5289184335775,1065.5528408470002,1368.4814146153246,530.378143114898,2836.8353752166067,127.35903122082443,6328.812570373718,)
: 0.8076095415231832 at 2 : 
[0]:5.0-1164*0.24329241017564318=283.1923654444487 2.0-4253*0.9446726315468754=4017.692701968861 6.0-916*0.9465220833011785=867.0142283038795 0.0-177*0.12705208471221185=22.488218994061498 (5189/7412)

1x [11133]:
(6010.871836093973,295.6287656969827,6391.982650382029,665.1264845844031,401.63135908684103,3900.686400275893,4360.618138474196,1316.4736588175342,5675.383927278458,2913.503344234044,1205.2515948839161,8627.017072477676,6051.368976701331,4546.588005294226,596.3078965783697,2800.071671672481,1783.5724445664212,269.1700371929036,2598.8425313492726,1003.9557546063335,7092.870172630426,441.2021800595271,7489.812978109825,104.52921437978037,1685.0388017095838,3479.435238641138,79.58750786615514,1794.8269047091962,1546.6302482351894,7312.051373796938,1257.0540276923077,5888.717520861453,1148.7638675470923,5030.731191628687,1205.7292382192466,1186.0619364762392,610.7698660071238,1858.5481535449533,1374.1254547257665,6797.270339000308,7669.499949919386,1026.5502604785347,411.8954880823297,4188.394920557688,1941.4935695880592,5817.064196031053,4678.230337079979,8126.269817108832,5251.695414230436,165.53002390314745,2385.831347502457,676.4635856354987,2611.399024910717,845.1520983998087,2777.215140272718,831.1520721151235,90.74733461862942,4676.070102145775,705.7689791911453,2295.209252103502,2156.7261273343365,64.33891781590047,2266.357193688498,9283.721468485182,3214.805968070194,3521.6462386988114,3643.180662256289,9754.922389413194,5280.328115060753,6501.380790124924,431.6370567625972,436.6663781763626,3316.458288053727,60.206749202029506,2501.792034282103,516.0410086930196,857.6449555893754,2588.5485889425527,4822.292346018656,983.2481725330016,437.79223510255696,3498.853750529015,1473.0969917652874,6594.212808450972,2341.805495080282,423.65470130219467,2489.291321887993,3063.699087024515,697.2299417346679,4632.152551272903,5863.626818079065,3104.99261117754,2643.9695574509606,58.496276986778135,1259.498937457728,5481.160806788193,5732.221475229918,6349.218530793062,328.51893474295593,6896.035824339654,1847.3047999683095,3315.007070407178,470.8498628073872,7015.258017530051,5796.420095213008,27.552798615388873,7205.356749724727,40.045295697319254,534.5551128165032,7368.785034814285,2814.594968720087,1834.7451790627067,631.2460120827374,694.6865332193272,81.3337520279465,5876.633459685048,215.51271156831618,567.4136136302056,3179.1231481280724,6742.102484016662,4124.923560537319,776.9258884691963,1514.5350262819868,892.084758673677,6727.46849218565,)
: 0.924518912301978 at 1 : 
[0]:1.0-2566*0.115209963249019=295.6287656969827 0.0-7733*0.77730141421104=6010.871836093973 (6305/11133)

1x [5546]:
(2065.192578304497,274.6507897450927,438.36980550132034,1230.931359105879,151.04750742250195,1463.8783954042156,2065.772967750114,1428.5300305730134,324.6940427588289,603.4415997609713,1565.7352047954384,1305.9147469526913,2892.0447307217946,49.537496884708794,2393.045879655176,21.955571066796093,246.55223840657774,23.469414673815105,1971.5044067933918,3428.866911305218,4247.200865018061,842.3178049478445,2311.410354803633,563.6859161055183,1667.7150084031614,992.4756307187887,1989.319947710727,1160.5327796117244,1452.3271077804418,118.4404221176315,165.13725126199873,183.424500183132,418.35167834450476,1124.87433182685,342.44811667885733,187.76912901974137,3078.2085219982428,429.61379088229756,296.03464435300236,299.5256917668143,1212.8150222753563,1678.4524539771903,744.1964738135752,3776.036731423674,535.8521101200861,2965.525777941826,1778.60918503672,1382.3669385674489,1041.3919167500376,443.36078566702963,3113.3750566412227,29.633119382044413,2420.9619291768104,1198.7004919270985,745.5955379214524,866.3556528485936,1544.665825112299,1542.0019781787535,3621.804142762906,191.48659825071314,57.75554056441916,40.178210193321064,3125.9110501988825,188.82136239683265,33.86337027163537,406.6492440910514,594.4687624992849,329.41641066768534,605.8130178472217,740.2833236406303,28.71386232865947,1110.242882471991,1973.6916259304153,1298.9493238952207,1871.5689841661742,1288.8665334244392,164.27685842863124,1114.412460847026,378.96073145987526,3367.0220553009094,121.70595498476942,1289.9880063159792,8.361244737558373,2936.946224682234,49.81275766283352,246.19993494888843,652.9427265050374,123.65564599157364,1542.3761354152186,286.3754116147081,780.0303775867319,2207.629907999296,18.33174085292224,3016.890603806493,2507.565461794068,1525.6247028497803,1386.5523545051024,4836.285652426399,70.38719827331468,)
: 0.8310182911899991 at 43 : 
[0]:12.0-3495*0.8274806096485822=2892.0447307217946 4.0-302*0.500157309346033=151.04750742250195 8.0-718*0.4522201152629929=324.6940427588289 (3367/5546)

1x [8204]:
(3369.0259246431497,2623.3972227332,7215.273753386125,18.28050725464778,4731.629280077386,232.42603023487567,2795.9532817606355,82.37823187106224,1721.1364069820486,1648.3540395296707,6127.55777020731,319.12542814197974,4788.607871801882,6818.319927961464,1909.595717508618,2862.4117535410014,3191.595186889807,171.90319546155132,4585.260137160619,2740.4343379359216,4967.087031268598,4442.957767430805,5826.063672920887,1035.1347056647237,2290.97434230477,453.9665320076762,886.9985257807032,3756.8201403641183,227.31923818262598,397.4643972516438,1046.6139880682526,803.0237631746382,1163.0223848935884,4302.178852808004,5817.5533280562,3651.0937386210353,297.93811952900006,5726.338425798379,2440.809462323059,5582.98358168481,1087.4422962387237,1074.9219396293304,435.5888075450266,530.2610123732258,179.10526240305472,96.63062538771648,168.55841100069054,275.3373895106551,2674.696934167743,46.15504443675905,706.196271605084,3878.6666435706643,447.1126611754589,4707.488982048727,3925.2255381483824,299.5253740280604,3502.840038488633,46.12322191295827,958.1096913871427,4727.186676421733,1993.4343658702148,686.337246692083,2617.7557404686845,119.2097769719871,3044.2822170054533,2020.5323299702545,1248.8717231194432,179.4506370134352,626.6378943880337,987.8118912214777,307.1357405798781,415.6118629024098,835.0688841777314,1446.9459808288245,2258.860417044434,1709.3910877180829,843.2200737041338,1350.3034879325992,189.8952394513325,1165.3266535630942,1876.6287017717777,357.92352812241063,375.70648099082126,)
: 0.911978566314842 at 44 : 
[0]:11.0-1633*0.19542279739251667=319.12542814197974 7.0-96*0.8581065819902317=82.37823187106224 3.0-61*0.2996804467975046=18.28050725464778 16.0-6411*0.4978311007471232=3191.595186889807 (3610/8204)

1x [4319]:
(1496.3744748396266,227.1972540427344,4.459136488577364,1069.2858867515602,209.56643525700082,424.29192752100784,445.9937155912879,1520.469775988464,1152.520912449131,1912.682642364084,1519.9453687861483,929.3946708537006,848.1907141373375,149.77550308076337,1933.0231437409025,1150.8424008692716,476.2335213532456,22.099829714481128,2393.2419710049976,1069.4393199119036,360.52876498627904,434.8146750380608,888.6539519817616,677.6714060778046,1881.124993791138,2028.273868320157,2584.3665017298326,31.401546135532044,401.4514632204787,2027.0146693378056,885.5451608532055,1289.2648900081517,1435.3036471625098,2400.427294718385,121.39224469467872,2090.515108254062,281.1026905256898,43.915137273077576,388.8820914143743,225.29632125033658,120.56054591739209,241.8623387033298,58.98673548299545,1040.7256803867706,904.9888757718411,152.17381647330006,751.3046955851512,585.7056639961979,341.2965276504629,1327.0866281704791,898.8266323415888,822.3177244809282,780.9118485497498,1517.4158515049853,608.5909882584407,2211.5058196878977,1114.059192768105,231.18241387069696,52.73993092224532,782.5139694179618,341.81394330374667,189.71840355177733,1171.662590279454,562.9330579647681,3307.144950197999,1245.1344580783677,1213.560061213388,1522.3962474680127,2391.256011654158,2738.669672149406,633.6036618768471,2598.771626614161,3423.5380954881866,911.6021355555661,154.75947899955122,974.0364421642537,1946.5036515433815,1265.5268568049228,3622.888627483069,76.89206595210014,730.6837573906195,526.9225226636189,35.25097338190459,698.3034210600235,448.53173578633255,164.20065613149487,88.61056071261262,347.0417059992209,2119.8822398159514,3037.1919708942123,2525.7466229297365,)
: 0.595072817337292 at 1 : 
[0]:5.0-2143*0.19798970019645723=424.29192752100784 4.0-1333*0.15721412997524442=209.56643525700082 2.0-32*0.13934801526804264=4.459136488577364 (637/4319)

1x [7868]:
(2320.2895485013414,3807.5613243065486,1421.7531401782787,995.5020243102025,2070.0376659477756,4972.87571418824,429.04522006851965,3653.902086146879,1824.2811483238884,1181.18150144041,5591.136394221725,262.9936846160579,1768.9257906484559,1778.058228355788,2186.5025069574694,1964.2890620667122,136.32101073294425,9.089503445134405,548.5774133642208,3128.311614698302,2553.9874126106934,1205.3491208444839,218.75089819645333,4322.763085664328,2500.262754308469,6020.014998753077,16.06883418348584,1844.722725494559,368.69353908327514,5302.099155928821,24.357857213283594,2662.1265264005137,677.1161682102274,6.489891375527448,2855.8337276867887,324.89574301306794,805.8861631969686,2472.081118009906,4078.1160626511073,782.1337008402938,2517.0434196764168,932.7469899659446,27.954759580924776,5814.518326861644,247.01403246392425,5667.124902201573,4665.07827932261,2587.5571447071143,1372.3900300810897,3374.676283397387,853.5066389491035,1902.3438415196456,2212.636801550702,2426.983932250757,4107.398049745112,1403.041837257432,430.64438556890656,3781.167108100997,2224.1130930422605,3522.640702623198,924.9589569259692,973.8671407554864,6132.430910280884,41.58132004441328,908.6688176178457,2164.829746894921,2899.8430451568474,72.24320626942671,5888.489645711342,725.1388623173881,153.18190087975114,2641.4327867837396,3069.153973931733,2270.000133755941,3.7234521905852898,4698.908192179319,2900.001239608168,1207.3743797019185,1510.4182554510294,97.33097552896089,2713.8135192373325,768.0182745468148,1070.9338070870208,2175.8513198867386,4537.803319430924,3541.102359185307,1047.395580710578,1615.814902185171,6449.811318968472,1223.682790053182,2513.707181167081,825.7681862323897,1449.872640911059,2658.847339906524,2949.9412729676665,374.2941416062318,2441.3592855211496,1787.650940950325,)
: 0.8127387969454142 at 3 : 
[0]:3.0-1992*0.4997500122039169=995.5020243102025 5.0-5735*0.8671099763187863=4972.87571418824 (5967/7868)

1x [14433]:
(1298.7217682253108,2847.0784364887695,7769.7757197476185,724.6780672386019,728.910033095437,623.589202093214,2651.399118588524,9491.861127374244,1781.7147901841743,1448.5011556014958,8291.815564102728,5490.027771849979,4837.681015977269,1095.4116959623018,488.20959521390483,3499.1005064398487,5919.214323397138,2331.877281424399,58.29056605336582,7472.2989250257815,437.42558433631035,5880.93759688054,1089.2174682945151,8272.885692056867,10016.737379249053,11252.420832040238,4890.951134090544,3914.1131604428438,5691.673614062447,1196.2687172805574,6381.9513781430405,1526.7140847318915,825.9560122174407,13673.668900624281,5983.340790477341,76.08925773219167,13534.424965651395,4866.800383370355,619.2030394577968,1139.5749021317126,1852.5057231277417,1752.0544938507473,990.8468180884273,8702.36592720728,673.1094677810028,10202.20922314472,7571.713544623066,1806.6874818774922,4945.4515755424545,271.6595629498216,1230.5282406645565,3540.240206207097,22.750529630727588,1218.9415839503918,4639.169925647063,535.6512126698206,452.4404238061906,7254.969223228695,955.3319880517873,1008.7061920516708,943.35307356686,1865.1866902795282,1994.7749297290193,8636.044784192349,1003.3566386070614,247.59486322278943,682.4306199052486,366.6806734800834,4258.362607406779,6125.4641880938325,1095.4547298126647,2350.0299371824344,4656.731730114657,45.17512681983767,2386.8079133554493,2005.34806131329,278.2698435240635,4529.52315675089,886.3461912013215,760.8574885246152,1864.4735145969244,2397.554121578449,531.6447990492333,5523.672779883604,3105.187094448554,6010.0012095953325,10272.101867417874,1898.3868109890623,1253.7642351804795,3416.7293485933383,4742.485855413723,2088.1800546588347,39.456149286622335,11609.194965563789,2394.3121702525054,1411.0139855817524,334.1188532707752,888.6170697651166,123.37085335825068,297.51098060555506,3736.129912445604,2557.521217614065,11335.579302391492,483.66594730439147,11206.593653006981,8758.301484585942,463.8835202426302,5159.565683632239,6344.710374668055,5961.519402198193,245.51464074082978,8189.452246845267,2905.5287248308514,2601.989229094221,518.1565681377907,5727.661352852611,3253.8490251640796,2494.4795468995503,1512.0319528998043,3968.138601998564,7477.381980970634,890.3542656233006,6501.386613707919,3054.0159255708572,9201.663665473654,361.76694824996963,1257.7562790277007,6918.145086037171,5811.684758454234,7875.39118518894,4183.796758516717,5035.428398060053,5328.138109334156,6099.241276807451,3197.6871951667454,6864.8759903120135,8380.540960723627,1490.9310102362235,6596.133213203697,3398.233673367031,1799.0711404682145,1062.2699834763418,3794.225552374827,414.0203227576684,2268.5411227744767,3995.33450259869,2955.2817854834448,3778.940798069915,)
: 0.6785266788063141 at 1 : 
[0]:0.0-3716*0.34949455549658526=1298.7217682253108 (1298/14433)

1x [246]:
(14.330107496766225,11.754786493690478,38.873505818823844,5.744360121374591,32.48478046004698,119.3377952730553,193.24215173275618,32.10503163809217,105.59920075479623,43.386469270906964,0.19199547934539662,174.0084803951686,7.2416042544860995,94.12220323647081,114.99327704052111,166.02571187237797,129.37616374952756,18.47248065262031,58.9007358095474,44.028039004949136,6.968635971582727,137.98305152581466,28.262225977163894,12.127651653667625,53.788149332268155,96.75716023998785,138.2056990867873,4.0871665018762515,45.96820217434374,75.06163284424117,6.485014933752139,12.798253250472845,1.6628248692430434,129.4157212040696,16.00261472654493,4.865610417021486,65.21750800155297,30.983998118840322,13.619879529922972,66.34964056389894,6.8250807690718425,46.32021255386022,47.639044400419536,127.4045774050626,47.66247179378008,63.77528751856645,218.30572413087572,6.478437846410545,92.12767574582973,106.52657872119954,35.679407275178,72.33862615758146,86.61897005235924,75.41634890907328,8.028203188961553,)
: 0.8680776901101311 at 30 : 
[0]:8.0-209*0.5052593337550059=105.59920075479623 10.0-1*0.19199547934539662=0.19199547934539662 0.0-32*0.4478158592739445=14.330107496766225 (119/246)

1x [2912]:
(978.756596481341,1927.7396001171494,2255.920914206843,578.0726930127821,121.70463776638975,392.34391557980405,571.5909480603132,97.91388033294642,1004.3198783081954,1006.6834654002075,279.2861533115553,35.07389254061102,1062.3136331643657,1143.2801340430403,67.97541367270404,171.43708348800746,2395.509616535645,1335.9951696163098,345.3580048382266,1739.0514169007383,608.9642190595526,1935.4798966801172,22.10717855659631,944.2056821060542,601.2322461498449,156.07004037266273,679.6641947989078,575.5243670535739,643.5919762368342,599.09304379422,215.5515282584611,1455.6355259365898,441.693241553872,473.1203786658749,202.93856920879836,702.6596329296697,651.6804353757326,1237.797226236437,163.19684054149965,772.269577497857,47.90242796724265,2.314444281787023,7.923643309656455,370.4408462600759,26.346501227255814,660.8477891507868,966.6265413850513,1409.980449213023,1549.6506958108464,405.0006643351313,654.9161289516301,366.5716578778054,541.1199966324693,83.94180681011277,506.66491058216354,637.5403849863418,)
: 0.8605124633001138 at 3 : 
[0]:4.0-230*0.5291505989843033=121.70463776638975 0.0-1873*0.5225609164342451=978.756596481341 3.0-609*0.9492162446843713=578.0726930127821 (1677/2912)

1x [11318]:
(3168.7090965061166,1114.4868150932866,4000.98208968834,472.73115425919826,4102.287515344878,2409.05797815501,3478.7921240910587,4285.288040506858,56.44578071955717,2921.309555860123,6696.4974949355665,90.09056261870323,2196.1355412950534,2621.9571939552307,6532.810996376168,804.22357500869,6486.523287732657,3620.867343376066,1472.0085984292602,363.81695192409364,6840.141703221938,5154.469803221475,6396.543406156534,3213.7700214901506,2148.1430712578526,7934.877686972502,676.8948972204354,1799.8122850223822,10369.756912895005,754.384921068651,4727.284295031772,3848.6332635428917,2933.644862512043,770.3332695676622,2787.9267409997315,716.4227974696364,6299.686354225263,1207.3132460735278,158.0071638467126,549.7178253922517,2114.5359928283274,8202.592413193317,94.24144977921328,3946.3187893475542,136.48075347688697,504.1909499480342,8463.31264806386,3812.263559650601,396.92578733136423,1046.7521336116013,2394.4802192399784,3254.2173842058883,3479.631457167512,67.72204449380627,2505.0834976070278,2435.4850349599897,1799.5813337667341,1674.18763043575,5032.790607800201,8357.223066059458,20.109330136527223,4508.152860240159,1833.9847588707303,3418.8620753314144,2839.814384717087,949.3019038385369,940.8901907216551,4030.2509046280084,6420.846472604051,2164.6224684714275,6813.21009347022,2384.1498309342956,2269.6461193956166,777.5248190891299,2598.987234272099,5493.360275694473,2296.622641994445,4204.068598562841,6393.213097354971,761.294328822468,3644.6107119340522,3801.487813287543,717.3233765243809,476.38207958207977,4323.719220063464,5813.891744624675,492.0276085286728,2971.5314171465293,4037.3723174613933,195.3096836214962,4881.570006626661,262.2449510969467,1017.9214732086472,119.68540326834567,301.1475709943305,2634.9630294407057,1714.0423360215843,5342.294025152011,383.89101169143146,1490.162518048239,295.10762495075784,5812.196400888099,663.5522864802471,2871.4694631711723,1286.5922806665694,119.36772038181017,3988.3760858232513,1121.3936242101681,4084.6888768270037,7396.047857524441,1439.209809835833,2588.4035201650186,74.78411202678687,210.63586312090996,425.47969642197637,2718.2149871071833,)
: 0.7530952763453674 at 44 : 
[0]:23.0-3546*0.9063085226988581=3213.7700214901506 6.0-6683*0.5205434870703365=3478.7921240910587 8.0-87*0.6488020772362894=56.44578071955717 19.0-685*0.5311196378453922=363.81695192409364 (7110/11318)

1x [1049]:
(717.7269501563234,276.0666160470803,885.1947069451315,93.53104853949957,10.094579182558775,1.6822802382511015,402.5193194412615,8.71347990435343,364.03497199026185,49.121758041490914,846.0447034525326,51.909975854969154,67.30358080887504,380.0018147104483,290.30734712297914,700.4867228993993,15.826621062944616,81.0231038815391,28.64611213300102,615.8150247889479,205.66808445469056,45.76126912295308,351.5939125861064,408.1502638196553,553.6971441835042,859.5838525296233,79.67641712112056,59.7806297759904,212.23085962246316,59.36298936934861,565.6305649340572,115.18748535450904,408.81959419745675,787.751635185606,575.1837815318742,287.9411952080978,63.757606156959376,76.85821282396678,582.9693057590068,598.0049030703728,401.0657720689598,460.5119128082584,583.4895744705188,391.5531433505054,200.11257065442587,108.47629830736112,105.29771074448162,290.23002258243025,305.4263880287975,151.83246219343522,808.1567621220529,275.5752096382775,269.7310570914925,198.59261279720127,280.68020088175933,327.00900399714254,293.01888353888717,57.15877972206629,359.7482098676188,25.11946665877461,669.6623997700909,525.3796812816871,91.93909812829715,194.37129376723547,10.35922436752559,258.5560478389384,15.508395607603939,259.16338521794455,163.96781456546836,278.8357587154804,89.45698463175782,416.18670410901234,417.05854099645205,535.4729323705021,95.19835803906801,115.0670965307192,517.7957620716211,39.18509410367852,70.32008816687232,188.87468756388859,630.7537370669602,297.10709481832447,400.9619454794026,112.76432695262636,452.053278087077,734.2782222294549,205.96980546468677,64.40131787108274,148.52703013491987,333.63159817970006,431.48820873302407,536.954105301863,266.24707986242026,126.13342524581742,17.724036530608654,)
: 0.8549559025093181 at 27 : 
[0]:9.0-60*0.8186959673581818=49.121758041490914 8.0-410*0.8878901755860045=364.03497199026185 7.0-22*0.3960672683797014=8.71347990435343 4.0-270*0.037387330305773236=10.094579182558775 3.0-206*0.4540342162111629=93.53104853949957 12.0-80*0.8412947601109381=67.30358080887504 (591/1049)

1x [5562]:
(285.82168052231395,2322.1396191577815,599.1855491008988,404.9927418427822,498.52705699449655,599.0844674558311,86.62106672362526,13.553667903462653,1806.234890819971,316.3436471943576,2205.8987708372283,1410.4743042418038,209.0918792088058,2927.0080120219413,585.7484548742298,1416.0650067226077,1872.5556025821304,1972.645988326246,16.892927858658496,109.03377814052944,1063.9044419012905,468.6810237603146,305.0423417680121,758.8517876498889,3509.42823772298,2599.210867640107,235.14314231135023,96.24877565237202,582.095586722716,52.38981219062689,75.70537288189009,1467.5001288657263,1091.0749321985138,963.6381322045071,330.7024524428686,621.0339880113394,2108.7383451214114,124.99284386791206,467.9616343733478,226.33168578229643,2993.1189137153674,53.62225600729155,2626.366223171938,3132.2029216309093,338.57871698805644,1653.4325738624073,4148.019321103402,644.9823489313683,423.5061429942432,194.98586757261918,141.91707747615735,1837.1973887021172,1581.7118627865964,830.2422553443366,68.74615870577775,1460.763869114991,718.9198032599489,40.027124351827794,285.44709852629916,1275.115541546411,1877.9385620043133,656.9898983500116,319.2336946513319,4696.211602980732,1026.440012774238,1139.692944676326,1796.5405663966715,1093.437872847829,2475.99443212963,148.84414643670982,1564.1532590268046,657.7962335602236,167.16779782657525,46.03202643420957,774.1874850875893,913.4300472343257,505.3848611647156,1668.1274275397577,651.7608116953926,786.3909033822824,3285.055379915655,73.2526875131581,563.7912404399657,1500.5682777685388,2205.8740019020825,3974.8295879973202,)
: 0.540784817212736 at 25 : 
[0]:11.0-5478*0.2574797926691865=1410.4743042418038 (1410/5562)

1x [1894]:
(348.80683758590084,22.031541276928703,1241.4729575347383,413.0178732008268,131.0912751481265,390.60116380627255,722.5107422803678,314.12709464835507,768.7698614176746,267.23274080299,388.4365325802185,1021.306097737399,304.9830609465954,17.57606241542326,410.0615918556873,666.3267271903503,253.3854786489681,250.39160923620747,160.74304744542226,493.15120694602643,198.8162040234653,445.95845664819495,363.1680347605769,345.4119727514618,219.07218580205094,1405.2119695403326,615.211254120241,168.32249423929952,1144.8345648695245,42.06605361722995,1148.023863641147,67.33631408010167,347.88403697856063,16.142446822688196,812.5575926900269,434.20214353609725,4.671990296795705,451.6400238742452,860.7243400894753,737.3517050148022,706.6333840366195,524.5841590117417,481.9854838615304,391.5134693578045,128.57273773617052,89.34449388177705,99.8874460535177,287.76808785387567,15.150489522137407,83.81587235557097,40.28001314436247,265.6471403144855,340.06198035764527,72.18467833123283,844.3704855015155,80.32698847010772,219.35351176787543,9.533030409611479,59.022121713985086,936.0603318028886,604.1260784177853,389.3334186808598,)
: 0.6671090278836679 at 3 : 
[0]:0.0-1230*0.28358279478528525=348.80683758590084 1.0-246*0.089559110881824=22.031541276928703 (370/1894)

