1x [10190]:
(211.0583373910918,1733.154057494095,2450.434596243658,304.30221576591555,443.3851730623417,1752.543707804569,62.51740546252322,165.07040044669932,571.5855566230377,159.26754241500552,4642.886347217361,3652.121241406942,4252.568972631739,953.4411665182453,7430.675018567728,131.2561330887253,1616.7778907313036,213.48567128054518,2474.468550589498,1193.6724246008334,2697.7603712846867,1707.6840796727013,270.8098290975886,5260.583878872055,2903.241982903346,864.4677672241758,331.6715256356657,473.029062399252,5972.22611523502,7370.019568114517,2768.8378411021076,3390.3636798306798,150.2246210995969,4245.114495825842,372.6596571836465,7215.2335302804395,7983.899347413908,1199.9916108382258,198.54707561542656,5473.891733040832,2270.3491831714014,2426.839908773898,3498.9595893916508,7439.074278632243,352.2800463287755,7112.725818818256,4054.19011696523,1230.2929309001242,5570.80520021733,5257.793335699328,1188.4453500334032,1336.8873578696462,2341.449359980109,345.29879788532276,402.6814208069833,2754.057140551114,4716.52117122054,1187.6427754380936,1425.6453118021768,6849.939234714826,3422.107703231303,6168.5444397380525,4058.389078520574,6077.962875459799,1429.478272580848,5656.422967873455,3128.494545999469,33.03827096499231,512.5764468516326,5496.562969990356,1479.6385907835108,314.8250931875269,2703.5898924232542,1039.01679172922,2277.316282619124,383.67884446955384,3310.997269521945,2739.532188384491,1190.394490923795,139.34502884077605,825.1083968639562,36.043181368635295,1775.9485600773694,2007.3298318725188,735.9640894159668,465.95711928716975,9512.859873935116,1187.01006414125,110.36287107590768,1110.2039513610407,2502.7055663280876,161.89056662360622,74.04034313706964,9159.135964104786,420.70233620623304,2186.2059997204256,504.92126801772173,2857.0082334261365,1143.0428541040583,1756.8273239007508,977.1484036132807,1688.8693511220624,2913.2529772466214,5444.5399873108645,687.3613369965223,1064.1549533440552,)
: 0.9755606113926611 at 13 : 0:9159.135964104786,211.0583373910918,372.6596571836465,165.07040044669932,33.03827096499231,

2x [9135]:
(6900.970892788287,931.5197517342096,2895.5185402614284,473.3286786848964,2518.444484961007,1749.8025127017772,159.8716802106533,370.86289177720766,1135.3686734430132,262.8760382520878,5644.67108255362,3342.0581777978005,1983.68780017392,4722.899417485884,6786.3632286010225,1960.8103531282165,4434.174988466326,4767.658475289036,316.58486777305137,5521.406805679225,2100.3328840741056,5323.938003656483,1197.6416920570032,2071.5486637417353,782.1826756697319,765.9816865393461,850.6227529352338,1827.3649719250993,5168.220029493306,5980.123021164033,4547.116776199796,334.4714958338674,808.6739215835171,2423.4983924320018,2.3454758548676646,3408.165462386664,126.24917771088792,2759.75711904566,504.20624062521625,3520.057245259057,1034.0461012236,1022.7564371406041,2674.1473521671965,3021.579362826793,2691.359662999963,173.43868343486528,7601.421605715158,846.1075951707845,397.42924489213414,1395.7058931985166,195.5319397758191,1890.6296190027374,1157.5625359438768,743.6717172342153,722.9581409390117,2309.5013885791604,1320.615079035732,4850.093217400242,1089.6161366984772,2401.355508905713,496.9746909796606,1255.644390036689,4537.7782173866835,778.9449722803854,478.2545133250972,193.57387053014398,1396.0721669205557,506.50799162990717,27.735625963389165,4894.256252633252,1530.1374734288356,4071.467535746222,588.1557282657783,1593.1080271162018,376.5103081952183,468.431189743333,461.9695293034755,3290.6303070037225,5073.104175024286,1435.9686988134554,3130.3931853536283,6990.840982768729,3626.111082578933,2392.25059276012,3439.3087095075193,88.83354359072378,5444.7543583954475,435.82749068816446,1109.3971789460727,809.2567693996832,854.9866725763939,902.9565247217391,5016.2631946898555,7017.216896949376,822.0870532220692,)
: 0.9263740352118873 at 31 : 0:5644.67108255362,1983.68780017392,743.6717172342153,1:5521.406805679225,2100.3328840741056,159.8716802106533,262.8760382520878,27.735625963389165,478.2545133250972,2.3454758548676646,

1x [2409]:
(434.99171824049,1428.9666520450985,120.64403385282047,291.10637052813416,0.744635502193872,297.1226989906879,1415.6685205333706,418.97372807744034,1410.8254880371287,323.43496859372965,7.315237841088797,35.98248368136991,748.8026947687125,130.79610289247043,1115.7221550071492,931.5488266271096,34.72068846702042,671.4232357490318,1556.896927725104,1619.4324726716602,422.6539151382872,339.77811635618843,1116.9485823940843,737.1587998384822,154.709846539076,175.65992424741884,534.7032598069927,19.20679217542713,9.394169121259393,1652.999340011322,217.89491172634436,1825.145701185148,369.8890953454375,1906.1105872119567,838.331009823984,423.3549285226294,127.41104321088373,1310.7066962002502,1698.4810167571134,126.89762890662466,98.03897661055318,370.6144072378057,108.95536071441217,1958.1900288713975,318.57162096584585,1681.2432023311567,39.21213997225926,4.1608662186504715,541.7289555210572,115.46110474163713,566.5884333306678,194.2116059629416,170.58229583274064,556.9323474117433,1838.5889442306293,137.10865110522417,159.37711635469867,45.37766779904175,812.5650558323384,1698.6195165960437,855.5525927008151,825.2724950577337,1506.2115170887466,377.8717906386755,577.1262423328621,8.708928026163203,1323.291167524198,1720.3606039590552,222.4979622592459,284.8741147804409,164.77014122083267,1189.638164616485,1504.6591044220004,596.7337616529189,1829.3089566271187,236.6210320451747,67.12005854985392,0.6065819509718129,258.755951290015,982.9898466238324,151.17373655818685,1677.1463214733508,40.63788775093191,2093.636218459646,1282.2083433613207,114.4007324415905,722.0354417831857,229.9086894318522,1042.4236309759094,0.5414631236998548,1094.5932379997805,366.3282236037401,412.164488849597,102.30057103960964,501.837934252946,)
: 0.9696294108675878 at 8 : 0:1415.6685205333706,323.43496859372965,596.7337616529189,

2x [11731]:
(3137.7392494254464,4039.4578449999117,998.1959190673623,1691.8328107960497,5913.957666191253,6119.237125919003,4606.115440457,5481.826331401664,5620.544750339505,6815.331266826543,4031.9177274290964,5.36039867617513,43.0607174341562,9835.773664523955,5302.813766450559,2059.730780745158,62.40390720524814,3000.8511506010277,399.62400551226034,251.3759665523124,1801.0584683569,8321.745402866207,68.73921900305031,9874.437524776033,744.3542473337154,104.7630906778619,1494.2911857530025,564.8186151813323,3648.3873369001763,3078.689150671012,129.26868529985185,1401.7176451669188,2908.392244471211,898.2284050493832,5777.491889061183,3132.6912564586587,7224.577359777042,33.783002189502746,3498.677658067782,4266.342992385244,1171.8839120263044,1852.7793256516152,560.0584805748967,38.52590631970136,1312.4994881766568,2653.1545888653563,4070.3435818394514,39.759067868212654,2731.287489855065,299.2537640785193,95.82287384436573,827.5181228556933,474.22909496215243,7318.683141701935,4418.50742349235,322.1926597843043,607.7315423716663,881.0718087330016,210.1744545046719,624.9192300846479,11.014017428202637,1211.3714472289446,654.4023575431504,3347.797682152596,96.98159777594884,3035.8381392785464,282.9996664422726,5034.88512141201,6078.42469040471,38.0655906498877,3935.3253599913505,3333.3106856345416,21.89999025042702,1803.55589385049,2366.9874861489416,1591.1763137319192,1056.069707920735,98.63604487280278,1523.4380224543506,5145.399345498418,1006.3820091073418,982.4637135611556,178.15748133150004,722.6678612832559,2543.6750119830986,9473.496768805686,4181.884776157719,410.16004725326195,2250.566462759737,562.6793818680591,4196.581970141914,3110.2917212378006,171.4827873474891,3151.187993504668,6365.523083631223,5925.964899096666,1120.5726447033092,7754.0808254070225,478.2507053966288,178.7465575945241,2353.104888233841,660.7070838842917,6511.080925965038,5901.944731300312,1564.6084492306074,3878.957562091945,106.41115085627443,6905.552362031216,2257.163709041733,703.8789648527999,1966.5266360568503,710.7328840674992,1821.5166841703865,6256.830969402417,4021.5207914474263,69.06704636572914,2655.427901754303,3606.474901114689,510.6944457588281,791.1193438924718,8096.782436257694,543.0983851176111,309.18538662065345,4233.929142138063,2082.4077797898335,1174.8769762247362,4168.190393250348,6652.098937808227,2908.362965677471,9458.629255438971,857.7088898014653,32.09077152168474,1657.8790503978223,2867.935697248776,182.92917718935166,3130.0329281246463,1499.0934691152156,4967.217430968116,1055.621159156301,6257.948405078241,6704.916129457194,4145.282516064406,94.1333253025776,234.07479699953268,)
: 0.9399993317969308 at 48 : 0:9473.496768805686,1801.0584683569,1:2366.9874861489416,1211.3714472289446,98.63604487280278,6365.523083631223,560.0584805748967,69.06704636572914,21.89999025042702,32.09077152168474,43.0607174341562,11.014017428202637,

5x [827]:
(7.392726412585783,33.10922893440133,174.9616645552787,590.2968420199903,409.5907352136796,24.308148146354085,302.4155143284526,23.379721108108775,159.5140877418135,43.389431109543935,19.084340398934625,683.1541157559166,78.1395670491357,221.29614557748002,74.12132408472782,0.9230676574633263,255.40312959983112,266.7169573284653,127.32089465896715,233.39226056583976,402.7702152340604,104.51206202212022,267.3476440853429,83.2390169270707,86.08016834145431,354.82653529632165,232.91060179567236,15.523743876527933,714.6500314637634,452.05384675514546,131.8687028368385,219.98016754682945,447.39644386058586,125.84579874213105,178.35637252743638,410.31078048014547,387.7813732614377,174.1048528879034,257.9029673082484,733.2503102230352,32.41103264557623,3.355837660104577,357.1012447615136,81.69223947726249,52.88700222855243,58.96492995153497,80.8794426125067,151.98762678423412,138.24461644123107,33.96947794837491,261.18305063853927,100.33760063158385,95.69710930800879,415.22657337302803,353.3309195932529,378.3815897308033,159.0835615198751,37.38908916945878,138.18757006671837,41.50758361115409,106.67857122719525,546.080925548743,160.49638819447537,172.5826930878532,393.58702838662,32.309047393860276,150.91949926817895,745.2870653663068,58.95117486252849,202.31932670220783,261.520315494488,356.8185495168148,133.7988588276921,37.559613947686785,118.63397497590647,273.4417398549322,371.2401484265692,108.24493209583858,3.1712578305001617,524.0635109632841,68.06033779363548,39.178389620492204,195.63729646911753,433.79080822853047,83.8056233459687,586.3890818416469,30.032235054837365,12.609074987754623,443.0490974792652,132.2555268138215,)
: 0.8645271819209976 at 43 : 0:714.6500314637634,1:410.31078048014547,104.51206202212022,255.40312959983112,2:745.2870653663068,3:232.91060179567236,402.7702152340604,4:118.63397497590647,524.0635109632841,33.96947794837491,32.309047393860276,

4x [5056]:
(1225.637856519229,766.8777906983138,1766.6699401351646,3471.012672984477,1318.9667089111438,2473.1018067870696,1280.845312133945,3886.2518853399774,4251.482852063058,120.26772698337794,792.5332265978446,759.886367574729,2090.692488879794,1671.6637942956586,163.08029287712048,83.71723773638914,337.7941319649818,4.2122896445483295,509.97323073609454,822.7169326398712,1914.0639865712108,87.81856454592764,181.12986948460235,211.48703210642014,3072.406338697691,1453.7969215547546,448.8930043611099,3673.0962306077454,730.3214857274968,1737.9475670767965,841.37285945589,330.9354329500364,630.0805000332341,1076.4711258291366,513.3841943427559,4044.2368117476626,1261.6866845098145,244.97319705527997,228.21783148078953,155.8413818195349,906.0461828258033,602.436444067283,585.8757862309374,519.057950391621,329.1366023041706,1990.1042561093338,222.74356580348032,109.23293033549191,556.3814366383689,1526.383959390682,4518.5829302493485,370.3974841597468,202.9069395772868,103.14828955110481,274.74623076227374,253.39738697327903,816.5403818262151,289.01391558552353,1599.3848282258323,669.1033131164836,)
: 0.8634625534461792 at 23 : 0:4044.2368117476626,202.9069395772868,1:3673.0962306077454,841.37285945589,2:4251.482852063058,3:3471.012672984477,155.8413818195349,822.7169326398712,

5x [11007]:
(1971.7615418529585,4037.8998913433666,232.3579883633194,5356.583095442193,21.96760463110154,5330.028127438633,4437.820527664305,1825.255139081357,7903.75883724145,7202.460974670268,2643.633900547116,1117.8406464559523,846.5367416074646,745.5135329963781,330.2992243117932,639.1470352340401,54.57669134618819,69.11121105538935,1792.6443409493145,10.174985013309282,165.5004338207628,1147.9046043407523,6295.839406980912,1652.4024986159468,1635.6595834616596,2301.431442882876,3175.4396345425025,2971.9333119711905,259.98997816253814,10059.071868956926,651.4632923344803,601.4845166269513,8348.813111982072,7233.995473437072,3269.1854713323205,123.00386028560906,235.9418022356526,886.9815671659791,5412.370989708153,2472.477824591251,522.6532750572277,167.58831250118888,614.741947211778,681.1214827835292,121.42429585960005,900.4010401985718,4220.689547699386,79.26263753980413,5409.301800834998,1907.393946231653,5613.713741858624,381.01779068812965,866.1663114592216,2525.306868937922,3049.286227306155,2353.126932952672,1085.3353086780435,3996.9819063380805,6738.369399776832,411.04865327305527,4740.863230866714,633.2644612500552,3813.445910109813,10.207631407513206,2477.427806779565,1458.986923282424,822.7304613760899,7826.014630346333,6164.192265595537,242.06096343764418,713.5786201264326,4027.0234513246123,1462.6024844565668,632.3145728866319,3224.2180658543925,2505.1427004411617,1584.9209291311226,1408.1634539859356,3759.9928335538066,721.6759601780445,440.2718627671034,1924.371318032102,2203.3061626049544,2605.473502893062,209.458531122494,4217.674007964416,3049.857961446718,8098.4273956263105,287.43063548592613,2268.2155719811567,10429.880495591451,3373.639841161072,5187.072632045744,3754.594519045057,7632.987118679331,4234.445832002158,7279.575330765511,3041.5651626482186,522.6178745440036,3164.4851796063626,1494.5889282146632,5.785315021568847,0.9313922839079354,4712.529131103047,379.3450097578646,525.1621926276372,1742.2850106522906,5652.028799885635,1544.723351804316,629.330048677717,1347.1391058588374,3502.4645642561863,927.3322677750255,3164.807355568571,670.4367219163133,667.2944861316528,375.8065146994701,7092.130881152509,5024.606463879651,4610.400325121766,415.7309948034952,2252.749898951935,9187.28552167622,1080.4727733483473,2737.424600128738,5876.046046823971,109.46494332763629,1078.8438928303517,3740.9873839537627,5537.655871652628,5585.383959591233,4924.324784362148,9937.794912471269,36.12513206888781,2237.2854751026066,2989.119043973831,1997.453739739957,5437.155987540418,5821.150082398429,4951.100173463919,109.78122433470949,)
: 0.8754420272335991 at 44 : 0:9937.794912471269,1:10429.880495591451,2:10059.071868956926,3:9187.28552167622,4:5821.150082398429,2477.427806779565,165.5004338207628,10.207631407513206,54.57669134618819,0.9313922839079354,36.12513206888781,

5x [317]:
(101.76738461008942,10.779996491007228,107.54876534972098,56.410261622120075,215.51260135351666,59.29232012359818,129.22316486530443,123.42169787149062,77.34162422105969,72.73672626668845,16.1856880427167,0.9437432293420813,33.27107148162974,132.0032794531808,147.25446639751695,75.29598895397378,28.767646495881706,5.237390274356466,55.71489127452626,4.909088243265277,52.03480502286095,65.80287588999009,7.945492836393708,107.48475281080499,54.26005314999587,14.05175539065647,176.23897653289598,1.8462881484959026,114.65036370687248,56.46745942729271,28.258303968685865,17.652594780906362,259.9514396986778,71.2563737378561,94.27116548436875,5.127092788712121,1.1506342397041889,16.194775070471707,155.79803780145863,43.41806096597761,111.28678305287315,189.14509377222853,15.010611226316382,45.1430237312408,31.993712201177676,132.64555495902619,70.35026921503191,45.61319859692825,92.49920971888152,12.11034167556664,150.9928415694086,77.21228777953687,3.6280784299892592,10.529661670537585,0.67660794752727,23.262987237651537,38.20735820092967,77.33048124651165,2.8521944130020804,36.087158663608044,10.361938623716972,28.78085118000697,64.82590874077414,61.03655942205144,197.78386860698257,66.1002341516561,0.7795236545135694,102.95766965076717,)
: 0.7345240347059805 at 50 : 0:215.51260135351666,1:259.9514396986778,2:3.6280784299892592,111.28678305287315,28.258303968685865,75.29598895397378,3:123.42169787149062,132.64555495902619,4:197.78386860698257,10.529661670537585,5.127092788712121,0.7795236545135694,

4x [5163]:
(2740.392593307382,285.72667131665463,2378.758897120723,1819.6538667037844,579.403574151073,861.9656135186544,2800.1745715355246,1138.5087807742796,4055.984423392952,2543.9698119525474,802.3795581431078,1536.0967962908048,2093.4096499877205,1989.6806932771167,1079.4408784645477,2641.472381002273,941.5256019102617,37.49440764070444,352.92114056632573,560.8869778138805,540.8223951190712,4147.848977629032,102.15964383441526,0.3809820316168949,1661.178964414134,1453.588105108053,2972.5114075883603,519.6220102094178,2494.135642096327,1055.7065420509484,331.8865228372957,1065.3668812025785,1259.4910702888328,1556.6552280292703,92.20747035934406,673.7165313344993,212.44833016518956,2332.143700548521,1573.3710884486893,191.3188445835183,1945.0943974922154,475.0945754895093,634.8041595221251,793.118272717516,3019.42436409502,241.74480095535463,1286.6330667041063,1066.9723529428452,2379.2245097369737,295.6702536651865,717.5554483255731,8.383535715384667,)
: 0.8021943702398942 at 44 : 0:4147.848977629032,1:802.3795581431078,3019.42436409502,2:1556.6552280292703,2494.135642096327,3:2093.4096499877205,1819.6538667037844,540.8223951190712,0.3809820316168949,92.20747035934406,

4x [2725]:
(252.06399029743926,746.199918916066,584.1026834090135,1524.962582986111,163.07637093906254,231.30531142191873,31.00109731372654,384.6955954007729,818.6176621838183,1556.4503615449598,448.57730774018324,1408.7997189982857,167.63075840783296,236.80650663765425,91.23238179478182,456.12912757761814,239.7593276498977,1394.5398908097718,9.548289882341084,33.85872703712842,1307.8074779432682,638.4666115712894,450.03829216717793,1170.298512908783,591.4630915359413,660.7768789459521,2186.8083628281242,1650.5677048901496,1649.4412700793146,304.1759530105408,1956.9842976845932,126.21157902939012,846.359055569605,2185.3676218313994,569.8959245021932,859.8385724876106,252.87863450998753,139.77782577911492,176.24706748683758,797.5098654432379,471.9028490745732,1104.1748330008502,1123.1759110611642,680.4519134605322,591.9610357861828,164.85137350679716,88.10147927083071,97.85863634261425,883.2973612875994,602.7496273657259,241.1532327072394,208.34012035193433,76.49096696117869,1897.0229677330453,3.242782682017307,565.4294707470277,768.0106500770896,163.82045277047888,1120.9350705603656,170.77012316370124,819.6741349131131,1551.4194082974602,189.69347870401313,282.5644318843672,206.99144645894296,92.75631977368772,762.5861296936852,162.93841665076886,664.7200852075002,593.9073940183694,113.54880265163692,247.9073867735774,826.8430918414483,1089.8285707262455,1579.446736734516,1752.790632693551,488.87453664672404,1575.1394492526897,)
: 0.8613764065945761 at 41 : 0:2186.8083628281242,139.77782577911492,1:97.85863634261425,2185.3676218313994,2:1120.9350705603656,1307.8074779432682,3:1123.1759110611642,9.548289882341084,113.54880265163692,1104.1748330008502,

2x [8122]:
(3412.559163322688,2624.4271582882675,4614.332674104954,4940.909011946119,158.74351980197432,838.8839163349821,1176.690241059709,541.4552013650324,3686.866704560803,890.5514877295594,1095.658172357469,446.4355337683059,342.2932526646119,6420.67392512062,1195.8536975760112,1590.2313818418445,5616.275869503946,2005.2328416258588,677.9665078962225,4574.165014497573,966.6901309335964,1453.518230072374,4375.103032888292,2248.99704315277,136.7203957734622,356.34429617498967,1026.80305512393,4667.503031348075,201.88736836400332,3090.7001328840342,810.5162587410599,5335.245581654844,3211.0703248569735,520.7452000366628,1241.470371926939,439.03571842405825,84.0871177529146,2738.460511685677,591.7718294184544,7244.945078272197,6435.402551857647,629.7561974315875,2413.1499512271303,1101.3269595067798,860.9123970496703,1860.3751507022573,15.798451035098786,1793.3616511914731,213.45929418857412,266.1374854904895,2299.835708240763,451.3174558159855,1812.198398501481,347.78877823636924,2524.891749239604,1026.6534556447932,1427.1148451887186,1555.6568101096552,2279.3665841715288,1447.0589118659925,1544.7758078946356,68.1266153465692,1639.1895786966215,664.0002593739846,1914.3410800722593,501.29603920397045,256.9276073718517,257.28934491724215,1267.9826835765148,5492.191921969738,1282.4502166419745,554.4879818886108,2309.3135503356125,1843.8254910870069,633.4875374136882,1530.9567074589486,24.923797033277502,16.07629428698004,73.09927852472737,1065.7201218281045,5628.736952582478,4984.188952035244,3538.0134894959574,3423.03177377636,6193.026779818512,3895.5316085824525,973.4233422667518,423.10086055050937,2870.8235609395338,93.20955847973316,583.5752306278321,892.7144605444253,5170.898068555254,1148.4845723281333,541.3491795202444,3260.669284339909,1454.1485107349147,4782.041378503384,593.8884382513028,5537.171488789361,3762.3224907687936,4189.938032764569,3031.96453888608,826.4851826186942,3369.0100770099943,42.30945719036878,1354.1440561264753,1588.3896726542157,6512.362660739498,2325.300408565579,284.63132429781774,202.8640427278275,1216.339113458129,2582.648942163049,3448.3572214131204,)
: 0.9311779372691839 at 45 : 0:7244.945078272197,266.1374854904895,1:201.88736836400332,3412.559163322688,3538.0134894959574,446.4355337683059,16.07629428698004,

3x [8773]:
(2952.760371596878,22.93064751417316,2442.656204830678,2643.9608224884546,369.9446196056136,533.4314439838544,728.0346938490119,5395.091971658244,3940.790336870781,385.862346464438,405.57798677440894,3806.952267152072,456.8439916419227,4358.436450883886,4354.014512365725,7427.9669799311005,2080.889553804853,3260.290145738741,931.9120807034129,3044.481297401093,23.059912837040997,588.6179577283174,2119.4776381765128,4013.859095932025,2276.4611759579934,3604.4002603382755,791.5926283121505,293.48419787803573,1186.365937762944,2777.4730749926334,397.55880782396713,5.386066341508182,1902.205072226774,3409.4089061088903,6539.191355624585,3748.216196125552,6356.998312255028,2822.46219479156,3612.5029980870418,865.8442970696999,1239.717821212197,158.95547483327255,4658.66257257699,4393.681850640008,5144.294309737237,4238.184235862066,182.9454622052871,3767.0981610379004,662.8160022966008,815.6023685619524,6209.893919716383,6514.98922332698,5627.300222207749,2692.1900597400386,5985.749205182367,945.3257024815958,1913.523474807874,6479.863389454204,407.50375610876205,6396.178774692092,2021.3971549111482,4423.663048941292,2063.52253830522,1546.9128655516865,3321.218951802369,4272.374362379584,1627.9759315967008,169.28014732884844,628.1489575588745,1103.1756872186181,1079.4836776662426,5077.342964427528,5697.014742294721,1652.205519095127,356.71808932510993,1996.801972723729,3289.268935455502,1386.3252827226627,819.9216074154162,2285.8617932991483,1308.4439754306277,112.9904073895164,1308.447490203912,2302.6613127743863,4148.646230767232,357.82214050864104,316.73082128529734,297.0666688992151,3825.8042770288225,2414.908745128949,6952.066655688998,1066.1599355196654,95.11030321187121,1281.3678124296655,1449.2332856558244,16.063519506025543,884.6170925363865,4903.768580374157,4578.184027844139,3735.9217532202706,1402.7828770294323,715.0336716973609,34.92775970615773,1065.5000068173708,1197.6708671333836,2806.507721922519,)
: 0.881376650282953 at 37 : 0:6514.98922332698,1902.205072226774,1:7427.9669799311005,16.063519506025543,2:5077.342964427528,1913.523474807874,23.059912837040997,5.386066341508182,22.93064751417316,293.48419787803573,

1x [6568]:
(232.0770504722171,257.24330235970984,1267.3844998112672,3061.849098508066,69.57681815843962,130.516942201778,2460.1535143577976,3027.250491203343,1892.3512503470563,833.2708037891712,320.8956897147081,214.3680696702459,1239.8942100462293,1214.1657894478672,1901.280641650144,245.4690727728894,2876.711916233993,651.8795622313536,2745.8921269989223,3328.5455584352603,1376.6704707647914,2610.619315419459,1506.2522522221545,1757.6253551783575,32.77266762207994,1816.9264921522351,513.58680478676,1504.8940260474662,597.787356739622,847.8986260889644,218.89187724636665,2361.5922991304055,3840.830844684864,1800.7869419737292,4056.311672202379,1654.9206799297033,593.085490827696,205.06655503207693,2679.995251284615,2296.608231523294,265.8168086389494,3370.6762516358745,163.80405208564335,4905.267118017691,526.5386110576306,249.53747214630943,1535.77688451249,2303.80808057616,895.5911581568164,41.21111817126606,1902.7341684031442,3131.207593418609,490.0445721152226,1212.9166579512168,330.8893408334914,2393.0343162431573,1362.395297452114,5575.2174857145155,987.7104673403859,1634.1000750016635,1994.8776356776016,427.8639675091561,199.04844085744193,38.8185322734025,981.6406312317037,3029.8839215795665,448.9622690040427,2495.9665495376285,4611.778723787186,27.685573894247593,3317.3101815955165,2943.578111544688,2885.1170558954345,4799.901181680744,1754.17885043754,192.51732593935836,3850.3635655315634,844.3886931109937,5214.446269072829,843.2487755989787,846.5093963682715,724.3639395288899,525.5442266124109,1919.2294768363888,5004.991850533259,2093.3945951315686,4054.078674048049,259.0934009263693,579.0984257712516,2632.055741193366,2464.8470621988968,590.1264334211284,1681.2371891921114,1137.4183233759481,727.0347425783971,3359.6098278947866,674.9133613728201,1774.5024744187485,112.27270413515576,)
: 0.9754799965797089 at 20 : 0:4056.311672202379,1506.2522522221545,844.3886931109937,

2x [5719]:
(1.5749524435300744,1089.5007056380314,4066.6612089338014,293.15054846207073,1977.6593759890868,1757.2373676733373,526.3134160778184,511.04115253172813,1986.4771428398983,202.08430858837374,2627.864595044182,1263.0095746721636,3051.7148631004643,3883.8868385692926,2067.4736950305237,577.8521727553403,89.72930789638627,1443.9443386499813,390.4176036171605,432.32479832470824,1219.4913903685585,140.56946403870194,2371.9428624546517,671.019674926788,1474.084249596703,3143.9056983188098,5.720851736007109,551.6625300041212,2711.0957263291143,81.04892905354697,640.7484945392102,1210.2880228190736,735.9754164880957,75.48415593863922,44.20730792060158,1526.9609742728496,1220.6985325629723,639.3090117774301,283.92352413023366,1661.4453258383815,3462.9803335988,66.10071568246505,1906.8680327836714,2002.0319177515125,573.6647545870518,947.8990815756817,1128.8569941303138,961.5286720709818,1299.0401609610367,3187.905389258703,314.9253788135496,2935.3879198114696,79.31460119525647,2227.145433346866,1721.998324977743,6.438876050304677,2855.1293969664325,791.3367129946469,1959.2241674211607,685.3121983066202,1290.4404047960106,40.339947834670525,314.7710972182857,2500.5075238051404,998.3950358499422,809.3884572247075,5504.881331626828,3011.9324663459347,140.26138613806475,478.71661516576404,1483.0818785626248,382.5286862923646,124.56990098429182,916.9048701700491,795.4061662191957,241.22537696155254,1851.5250107713398,898.7182711616886,2642.1465063455,1069.1122586854501,4136.980173379579,777.7899863806898,8.07366426602311,264.42746148700337,2949.9129309337277,3417.1007570540155,3387.844674913652,3164.2622453365325,958.7806845026283,3711.233612243088,46.319670873218186,611.4967815981227,1025.7053868547675,463.4348452206481,109.26465317404583,1542.3247116477403,)
: 0.9441855253824228 at 27 : 0:5504.881331626828,1:3387.844674913652,1906.8680327836714,

1x [2853]:
(372.5475829763021,1161.559816447787,2232.992336902858,139.43314499934698,450.4152392572968,326.28772905351263,1081.7714814909932,1149.4127348218994,1525.422478955795,1685.6591628345227,1750.2864394287678,2449.7320215846294,1058.5663156696744,443.38741261825515,221.23584259021388,147.74452746151508,683.5254102849514,253.113607984767,33.70573772752367,846.2532639998462,225.39687982297556,819.1635775788234,2.331947267374571,234.8873429600517,769.0444888405643,719.7359609478287,1472.4567320571155,1637.268647196722,90.8428851407212,695.7285886036749,392.07806971216456,38.068250993599364,586.1972595213348,1254.4808825891234,293.4022838898666,223.10626261872562,1548.7222269713502,1948.8771648140382,782.9378316131155,154.82542678032675,441.1007244119626,859.0836928376805,596.8719028024333,153.4800584251905,170.42125511774282,141.0175992669243,499.4548748750801,560.920182673776,425.7900998621489,319.4986695459174,500.7483374401323,267.6119998624321,96.33326282519164,239.12219813860528,720.6464452908608,1557.127142768614,1057.193553947298,199.31270594799662,579.4173945611694,44.401450255302386,134.87344392963794,326.72718586523945,111.49944055684436,2441.342005859241,489.4794611109915,132.08307946424102,766.0262356810165,293.1730430672344,139.82600848268004,33.33419745528741,2051.3169394740285,48.97240900801883,757.6169891065127,603.3782887580905,220.8381378233155,370.39634551178517,1048.138484273237,2177.9025884068806,2437.213032701986,1880.5720747562154,527.237584227454,187.2161621808929,365.85106781853864,348.7612487407566,228.489512612453,657.9761915858494,1178.6974865925226,110.61775006995434,453.28539945239754,767.2023441847579,71.25685458868587,125.51226740163393,403.544170125929,189.00838385457277,767.8187981355726,398.57851090640906,810.0338148759581,91.50747597090447,2099.9271471246198,577.2164667195666,508.69864906974124,105.56158931071347,180.78205251061507,1653.937180617204,993.5761521333171,390.15485487748003,349.5719307195697,5.027239485672075,1102.6964635241673,179.78459241086753,2753.034066153293,727.1247438429705,446.0827830951793,3.0705032570622843,491.6117839934771,1667.844848976305,1095.8250692012587,242.51099264431463,18.87493975174855,956.2164284812915,394.81150681657664,34.66705520300381,818.9268842940037,145.50421460890468,76.81020739226315,279.44871253555624,1567.001718202885,1084.5584722321698,1694.2423410140736,138.9056451317541,2156.19031617277,326.741224520837,608.139114611339,1016.2731402682834,701.5051929504228,243.71141752599726,418.3743174125539,241.87940292576602,862.7490878554255,500.59902232665314,)
: 0.9939380197920746 at 10 : 0:1653.937180617204,1178.6974865925226,3.0705032570622843,

5x [4761]:
(2926.663417808482,40.21781309084168,65.12128547439137,2714.3855639095564,2282.5662092264433,75.25677715120325,2085.3876463433317,232.67853438661368,2136.3305354436307,461.7223675797714,2265.6845546013083,2110.2738207227435,2866.6190074262126,26.002210343896532,1586.524749036353,190.2081493193434,258.2574470030418,2998.383789434689,2549.5547634955637,2083.2212861634457,255.96682727364185,842.2374241436127,3234.3450132466933,2079.7982186607856,4273.425303626024,1419.529578053062,884.3946839349811,127.1711850092714,3789.4241027448,1733.351753353321,1107.418583031062,1.1081480314465204,3551.878609464666,3550.5818656891934,572.9265302068362,1309.2391495109514,1413.4593119581332,577.1621238058416,2806.9167024009384,1430.4160661385217,795.5901740365254,969.9946149084717,337.2044515781382,146.9179922427599,201.4188326433741,189.3629030117855,2452.149611667983,1308.5564020137706,2725.014250989728,957.080993691252,3834.062736912146,1493.980170132356,1193.8907949897239,4098.842923653077,3544.0427144243263,2857.4186179013927,201.3364140538944,187.6939046117789,933.7825862574688,)
: 0.8570191824236756 at 49 : 0:3834.062736912146,1:4098.842923653077,258.2574470030418,2:4273.425303626024,3:3789.4241027448,201.3364140538944,4:1733.351753353321,2110.2738207227435,75.25677715120325,26.002210343896532,1.1081480314465204,

4x [434]:
(289.0593427224552,34.41966915048244,21.112580026651194,47.37392164789187,113.12594221751188,287.03522650017976,5.034147340897695,24.667982227903924,135.42087232710585,41.118855502125264,154.37995934261068,133.0921253577592,151.74828530881462,19.853899766391162,75.21374304659271,210.28682658039304,381.95633305625455,8.331021932709023,119.07520124954857,219.1617525642526,19.434948301091442,3.5688021246138883,43.10540532738582,130.4534141902655,76.15331698447909,51.84637586581151,45.261228963160235,0.6206749352495154,84.96256331257855,0.836486989557223,155.67946014341834,23.74832386835191,56.5298626388188,83.11992513388415,34.236406953385206,160.8141515172815,91.77333552280511,54.587517069689916,22.71548338425913,111.79232194324884,208.79679884223552,23.174543227496265,117.1247001113524,20.623208658576747,6.32591297560716,149.50899357244504,46.31655237245132,25.030083130560424,119.54986353976363,4.585451573354855,295.34052178599075,42.89290991234044,43.65424240873345,94.89722055762694,4.787438387655474,204.89756984543385,133.69449625628584,23.284005483593106,287.8181211809846,101.08272679261725,346.79329306169944,31.451497451448173,9.592228343858732,45.89407263858454,129.9401357596246,161.2120232647009,20.70787614429325,1.1961174131662133,40.865919097981795,26.078900167682196,77.03514281496143,25.046240216395624,278.5601565937837,94.41680488316277,212.55628767527799,336.9131212999954,178.26237795800515,139.77989027256882,81.40854672331227,194.94757273860048,160.38072307942815,229.4011522024816,52.41654528150909,62.596843120786986,175.73431253472359,23.401800966106123,3.8166303303323996,46.88893691391322,135.67514983702222,89.44098159395031,6.817753531090284,12.4411986714973,64.34031028957,20.146804584583375,59.279385393602304,5.266255704773926,52.43906877003899,182.6787519203708,94.8364819048701,55.52225311967027,13.755847171743337,321.86908596495863,76.49593972570077,120.14666697765085,43.79606310465757,81.22623353342671,66.92865066193298,133.3030575682827,138.85784937314887,42.07879140428739,57.760085600662244,311.21131513689113,17.069453568762178,28.092218968460696,55.925408827432925,120.47643450056016,287.4215033085205,156.84750148234937,11.463674959442438,342.9890135962632,20.893798537391294,203.11391667411255,30.6903313849643,33.94549295776261,25.746795035302654,158.78656256918111,3.1402065743574283,9.98091520574392,21.991589394805267,255.43447313477765,50.5910053487612,361.09015286292833,78.65904296683696,352.70621396915396,)
: 0.8911373412728965 at 37 : 0:51.84637586581151,361.09015286292833,1:91.77333552280511,287.8181211809846,2:287.03522650017976,19.434948301091442,23.174543227496265,21.991589394805267,3:381.95633305625455,20.893798537391294,

3x [772]:
(332.0165164158259,77.95089899747961,269.1132124880409,64.40193681344061,647.1558435543701,606.4679345853975,41.241060306768354,455.862031325787,167.5835216991668,124.6303304564517,46.74459594495032,21.27279863771147,67.83590666934896,32.30396529522416,319.2055890462558,207.16597551520277,101.52945910368018,550.0326178716447,619.8712264704546,427.5010131197864,182.3766864331885,596.4244390851712,539.4562747299179,47.9675908831425,178.18562666695792,1.7649035620273223,151.0797878557177,121.16975323865692,658.5124371785794,53.44069815719982,252.53203930771218,95.27954541046708,564.5794411231345,106.56625083918594,157.76103874294714,542.317074247049,14.388915544214854,91.00137274841516,147.46286314239723,264.6967488131204,215.52932398153752,303.9988588857521,124.69480523785502,77.64707906811373,52.88192539543357,88.3704696038669,429.2217255004556,166.48017166306818,314.70509548223936,84.45724350132897,482.30042925465904,2.231632603018112,283.2583297644651,374.48952923143696,200.61016181728587,75.83107271827753,41.897855944317,38.395291356137975,297.92526751313545,83.65936650773114,357.36643514936884,13.753960890094291,236.9430298321906,149.43200443850378,274.99437872854986,16.166183681494953,149.92628081433998,55.53454514483911,6.059371486102967,12.56602871946011,9.364979531603105,2.6436077491546146,171.07943333350786,31.48124236026268,664.3051086458736,141.18856798169904,390.82022463842117,1.02053634420938,7.893640487965454,360.4550595012239,14.44859881522207,93.70693563467698,92.30051245075947,22.404144018674867,508.82980471226637,372.9558464662671,228.49969213131584,)
: 0.9114655818498628 at 47 : 0:647.1558435543701,91.00137274841516,1:606.4679345853975,92.30051245075947,2:664.3051086458736,2.6436077491546146,6.059371486102967,1.02053634420938,

1x [2999]:
(1936.162545802347,353.47024533379033,1038.1944218025155,38.27946071013561,1354.442239196883,1.0535279465493859,43.403947405951286,1347.5186158579343,506.00262651206583,66.49004086167294,698.5591280420562,151.51112447387382,219.64019164238277,230.2454396475783,1189.0854218442494,158.51051629814242,1549.9215368667667,430.23445601133574,1265.518403024786,370.14706600535067,313.15842588907014,53.12046017767366,2392.9240433844525,663.7006955030304,715.2121298304813,817.6844468549151,443.23963790279475,926.679714345722,1107.727369926899,1759.2429005539402,441.9455864716689,466.0892380658794,14.171775411289339,1125.6742577934783,164.2458885896,815.688899666009,336.4693213515847,601.4918908629785,272.370136577338,208.17422386632413,949.9298482105193,159.4467857873906,9.218683210472763,1696.420687686534,507.53499041623377,191.31142911233653,40.76855110177641,1940.3902272037847,303.3322822845802,1544.6252789724583,88.59933789415835,967.5181020253816,1611.0376875498193,253.29992865712452,99.89466094598734,822.4930376780128,649.6053736009777,2753.2803052407257,1197.6182609506122,48.87467887416012,617.8224088696483,38.021110055632455,652.5183302067622,1104.6272901425107,1114.3911189277676,2679.698055267666,153.61424207138944,391.38115578822965,237.58264204922563,1277.1574927680022,558.3035264883096,971.7386169859666,573.9377728348093,192.40529979642324,522.4317031567273,1177.1863484043167,419.9377382361941,1667.6801658070308,2160.252004602874,158.6670359459427,1347.4957626312996,307.68850447021515,354.85611584961373,668.1983692887477,145.8681091948178,584.833649018985,1376.0656500964938,469.219085436975,139.14118324508428,520.508442748691,781.5420449378489,38.39196564977495,38.730362375431746,828.0482110035248,155.81741625240866,329.15803618156275,1734.419270078211,1508.302843064817,946.6600949702233,147.22520341165765,798.2526677860187,1624.5673538153994,2.4623013056451644,162.14744587699406,422.7588246688315,77.98959243485538,281.50028187237547,1671.953818671114,467.8720352300111,158.87493945721758,136.63954492367122,237.07525915644842,0.12177729643912083,1100.0176525758782,97.84821181562113,1732.8053235925554,379.8230990790528,840.4884968653431,513.4386274611485,1615.1375472902726,2491.724354335103,609.9332161089848,1833.632937679595,1577.8503620426463,1330.2083348282304,1180.0280747819534,2449.0831067202657,755.4957158961304,129.99492338723277,1557.768774901171,34.21395919945382,882.871968813493,582.7139058097619,1131.8284618760977,361.5139645175496,55.07978362628695,992.6692398976189,118.53424328513893,1987.7817331245292,10.877094627129425,1597.943987314881,1813.7044244481483,449.30779703160806,1984.8283462353593,1447.0212172353142,470.79949637615647,1964.0557600080847,)
: 0.9665641460001969 at 44 : 0:1759.2429005539402,422.7588246688315,617.8224088696483,1.0535279465493859,97.84821181562113,

1x [1912]:
(1049.907864322152,1307.4189888876904,33.4434115562724,196.2418620551556,846.8727664274516,1625.9876359686752,223.88424945244174,83.1164712005981,917.2536502485881,1149.7888655872082,52.79510178490068,178.4755333711737,509.35875543016164,249.77938160680114,267.9773348467013,972.1139505002479,464.52594356543267,148.22901060956707,204.39587546795755,95.91648936018245,613.7175539554771,886.7714922657764,929.1309091816929,575.6630710716574,402.68989424882386,145.8216307083243,187.95283315472682,732.7353784987138,1333.054844757663,1143.4612300196363,932.9907546076147,491.5039043322467,201.41501924552236,81.13771428412136,165.56359093068752,297.26335861335826,146.05707487368008,1629.3185034592123,852.8835405922433,76.87624501123867,788.5163798513599,291.27895699973124,45.12682152620037,318.6075823690019,1217.998665986548,163.2099375763851,1474.8392000569952,82.43237958085125,457.74575710988023,829.0933752323664,1321.709529250953,553.3745816888585,170.4536425570826,290.8147331573709,1094.09689789551,441.6888739908889,445.7090551540375,277.64698278967603,1118.161802144715,1363.0069758546933,161.51167115055836,699.7011778635178,)
: 0.9649457271630616 at 1 : 0:1333.054844757663,267.9773348467013,82.43237958085125,161.51167115055836,

2x [805]:
(372.0805754911298,529.3095644663498,491.8804870375036,262.40613644919114,328.3134439290882,24.602921737860157,15.940452021489689,18.724890264997597,117.43683834263402,303.50863734770024,51.93769276744492,622.6097046574955,62.6367291931453,115.99106688037686,13.425885471499505,68.19493978733833,292.58397532451767,27.635852141172293,487.23289752098714,403.8142469502977,18.45078689090542,36.14331848551055,0.9880368294272706,68.9414468137474,448.4149618330505,69.26168302436507,138.1881913400172,83.8751002060072,393.72259360882686,11.323565455382557,24.56974631764884,136.70732240285994,12.708434744647919,324.23262590193895,244.29154432675713,14.77332833707335,248.21736839123744,93.42270331760356,157.504777692253,166.16235362789737,208.2044204357087,303.6729728384553,147.361998979002,128.18254978559384,282.70952167846866,354.10234220509733,3.058173186983902,332.77377908428605,420.09936493728526,137.9390293562203,73.77577504404739,125.97045121580265,53.71672191764544,519.9922069631872,25.909582271140064,11.818724081685035,300.95903828227176,107.92022788387818,26.681389518100314,217.432404549012,125.07887195835004,95.25927042477288,680.1739127461153,82.09692401852544,722.4917742073143,152.79313114007294,19.904552553956922,379.43882604524737,366.6767779233829,221.5037639333808,130.67478261519324,217.87492572657018,624.1817877130189,380.1944821472241,5.500288745612824,302.22544646610663,429.97527898444747,553.6773122598962,170.95825219677073,2.1907451956089297,20.980143854920865,369.0648009975705,40.76070225383363,378.5244048752329,30.91164707693665,160.5765973420722,87.84620492277514,337.95713237193075,125.51466984399318,198.125345033195,94.5702387999525,163.16045361302872,83.64943281856556,202.08377585063334,0.15070216929531988,102.48284789762715,427.48988941322904,)
: 0.9167018171321208 at 39 : 0:722.4917742073143,26.681389518100314,1:354.10234220509733,303.6729728384553,68.9414468137474,

4x [4250]:
(27.660632353031346,1461.7201244669213,1146.0088992036426,2869.1435939039247,145.3952339201705,1044.6308196262344,230.13090220536503,63.45395399661312,2078.5809841531723,1262.2199479078351,1090.5735206535958,440.78076508719187,100.53713610336371,184.52715122201707,1839.999053033844,298.5294600865283,2082.817332558851,256.0638366656535,615.855599243477,14.774249152204103,3049.6850319809564,3680.5280437505116,245.44647707965947,2127.3480101133246,490.0179507721172,658.6283305041268,12.139873064095003,285.64594932205404,2642.995695931841,583.1185401410416,141.00922380998557,502.8327446941219,190.9093250508387,1175.4361315281405,2994.478539006224,17.489803140580523,205.85556915145992,1101.3020349285955,897.4177516146054,314.2723906959301,2598.605796247328,2733.4343870864664,292.4536491656363,983.4483838844853,548.2715060994019,2428.4475871407844,316.1235406393915,8.698202822674633,393.39524967427735,2930.487092407652,82.93205401316305,622.7279490400063,3193.9436403806303,531.92466317782,574.0227778404528,244.33330245436304,1195.650590174822,312.08591461238615,386.23744314444315,280.6764151354444,881.3706129650719,1080.000058695362,206.00245948450976,)
: 0.8655339676027357 at 39 : 0:3680.5280437505116,14.774249152204103,1:2733.4343870864664,1090.5735206535958,2:3193.9436403806303,230.13090220536503,3:2869.1435939039247,615.855599243477,256.0638366656535,17.489803140580523,12.139873064095003,

5x [5986]:
(944.8722521316295,336.0154632776483,95.24250212705213,4418.930679412133,1793.9976531544119,436.6805942416902,2017.8449399983576,572.5469592328775,204.43083287022463,2510.2842051311095,101.54458968651382,232.00172649552755,3079.891735871346,1900.7510033880765,4543.577321945259,486.82978086218935,4322.2529705591105,933.6738002974523,2374.831867344128,44.9457302533951,2455.9744548622266,2436.6739366489487,4255.922674819231,903.9390027869684,1137.5572221221908,1334.2672667382808,4162.151951082571,585.2546602763666,1214.011470713792,755.1402431395863,127.08847293624441,212.79349408781104,228.63470953261015,615.7860197764898,1182.3865233057772,543.6880509788909,1212.622097029876,1021.9695396925578,646.4208326757242,818.0597874030698,1831.2749486689518,2407.0634315376137,226.40061163958387,1858.723306196046,61.767029972990656,2847.938733919859,1021.8236242833934,3906.3493269737996,897.6693760949166,1682.0770817319342,121.72655864842152,68.7274857274239,126.32844883828298,1619.7084739586046,132.63423310234143,1005.5859640058785,5842.0675489537425,1546.4818894973282,864.5505832050147,2940.317070216903,4539.236093962457,55.522981125195486,2993.4992686369756,104.81857057812928,3534.6374256055215,695.6737795456739,110.58686587424066,193.7141454886871,1920.0768399414123,2373.927956983184,285.2215776657494,194.76834306252763,4827.317393540201,3110.629160215976,2123.981605392311,1421.9725023958147,404.34911927684783,816.0886327797356,2872.000280308423,416.5057991493584,)
: 0.833676880853048 at 48 : 0:4418.930679412133,1:5842.0675489537425,2:2123.981605392311,2407.0634315376137,3:4539.236093962457,4:4162.151951082571,1334.2672667382808,55.522981125195486,68.7274857274239,

4x [5059]:
(3730.2185759614185,8.406304613188004,2865.9898640430697,2065.1775169906105,708.518801868345,733.2256992100956,395.1784057496342,304.19300429248386,821.6670217022438,414.1006571685097,530.9658044967154,1628.2425888072078,79.83310506368771,218.31025071022947,940.1066326681674,785.5433713821823,801.0369079356972,2361.858022756124,3787.437745388075,1630.067661719687,1328.8248048480898,508.47992226307696,299.04578096007845,501.8025672052705,194.9039145576717,1683.8624213803562,2026.7012314828023,1075.8227943969353,495.27767609233865,42.99431395637007,874.3909957544023,2552.3748820202654,1649.519615685613,359.06930724087465,22.61878356517766,144.07167520048483,1538.081805911456,1245.5845494807663,419.2787163890526,1018.8442201278847,2624.791128016656,743.4977450248718,1875.8275904886027,4771.8187662313585,41.138055393632435,555.826977170492,724.0317142748153,479.29864408133136,769.278589161676,2724.9431739284723,420.08055536171776,36.38949745330082,1399.7874229631761,3203.7149492943863,1102.722593106846,694.686001594937,761.6722427397308,908.7114947354712,582.485779882437,2330.4022086946984,488.5452523064317,791.3846583010155,144.77940083255947,1855.642210912937,2068.322359749179,1884.937176903376,3264.8159426427724,388.06881221549435,2119.432400536098,1257.0766747023904,1186.5388204924361,1829.098878923609,29.871114584939615,1381.9563813891357,607.0267696213675,324.6912589513291,285.50512796359743,325.0654758498186,75.08727460735251,216.83015206450662,417.93086840562876,1072.0987408937776,483.59357482978646,213.91740693758845,)
: 0.8440518179373063 at 47 : 0:3787.437745388075,1:4771.8187662313585,2:2552.3748820202654,395.1784057496342,479.29864408133136,801.0369079356972,3:3730.2185759614185,22.61878356517766,419.2787163890526,41.138055393632435,79.83310506368771,

1x [8014]:
(1544.5141670072385,1551.770526886363,5153.334459197383,2679.3052285135977,1726.4203232302891,1856.521076545551,6372.377278996413,3749.787842376031,4449.125433483458,3429.958304111114,806.5621358037628,611.0687683650908,3544.324358060043,2580.461343367183,3522.6210013905,50.509185304415176,1203.58694942691,391.81484452715057,383.8623752720804,2239.036002867545,1354.559733470863,211.48232640358782,2679.685855888162,1622.4106959810342,1461.2143525576278,2345.9887056277494,3694.8456979679763,705.7407518631328,1025.7576160154024,2187.1426486341215,2.5024732632846947,2711.7203178664386,2693.491647893265,797.8139498304495,2424.589364712261,2175.801513374747,4494.454759140677,3308.8062626241144,2061.528348560791,4004.1792267335945,4721.421016846325,24.74107730550066,279.5947874074883,4847.324376858341,5821.577289792816,6.60550359322772,1175.980021539791,2001.771156644052,5061.083046523937,1277.3676819303937,5075.736009832567,357.6124055336906,649.6593075304047,1210.1409221625843,100.1316303863294,4507.404742364387,3664.674566099309,2059.8165355409556,3934.3622653697244,4417.797338689197,756.1459464809193,4563.174571057146,3402.633391113013,1583.9845601590914,1314.827691630449,3491.756537945131,2844.437672083035,426.32683465599354,1002.5661823274194,1006.111351426081,362.9417052353771,2598.014052163151,4633.687803929988,3429.661072793384,4908.936130432848,473.532882405462,1288.1569093520511,268.973676016578,5206.4837986184975,11.889071810813334,3609.1134131660547,640.2163730214959,1834.988271081572,3371.719192685008,127.32918857953018,4805.214106856183,17.910766663325095,6896.438445633221,1183.994165030463,1401.6178833196432,166.04461563001226,2121.6857931142017,521.2224154670686,701.2269879172355,3100.9082507314642,662.0857659945972,3300.1767326933937,89.21087179321515,1450.5280781572328,87.72526851323035,3424.219497060732,)
: 0.9555136137742083 at 9 : 0:1354.559733470863,1583.9845601590914,4494.454759140677,100.1316303863294,87.72526851323035,24.74107730550066,11.889071810813334,

4x [8932]:
(3245.859461453995,667.4885349952976,249.87645753079158,3723.6518856130124,483.4554269927729,289.85411472213667,2925.1840378153147,161.5646902680846,1074.922619704511,3057.4018660996035,2737.107457058711,831.7403312589585,987.6279194467327,2794.2700962666418,1634.5701466550743,1761.7767351101552,1502.5218802216245,3152.938864674354,1178.6244415290976,462.54111873462585,1278.1060450514537,459.27694113314897,3101.110728789612,3504.077826913737,1163.023384160042,616.3498489390673,3482.1737956987863,9.452909889152057,234.32204084612138,6811.513312774877,1267.5287011806945,453.55843287629693,356.6618214015805,572.3310780759342,3973.256190005029,6099.9501916824565,1543.3249165280247,1227.4650167351006,4756.26309951438,159.49581209068933,3800.0583109788213,395.4331566421056,3710.622300467045,3123.121379085849,173.10472732562113,3265.8452153093626,6.460794754802353,315.61336570560957,3044.4098374884907,1208.7004332679696,2814.9668200644114,3930.7178182301373,913.9312333065789,2090.936854056879,5176.841364407342,3715.229473506916,1296.809061432792,734.8836921859222,102.80624896585775,3693.5573126762088,2211.8527317216553,1420.3437042462629,491.11005468997473,2902.4019529483567,1952.5814892688009,400.87977382760823,2004.856684629411,2041.240398816395,933.5054305054925,5627.104529339257,250.29754353695142,459.2092559675156,3515.596545313223,2743.215521820344,5777.263316449366,4758.241953112989,4847.469034042589,4238.56928194428,877.8454508188161,4940.637250482725,1068.12090641992,1523.493581137219,179.56702760126353,6804.835866834604,932.9491711220487,302.2070628428094,1876.3498384130817,1600.8609625907418,2562.122862777566,8224.202944003124,2486.7100699923535,4002.7425744535662,1201.062815112327,653.70221992044,941.6334182482849,137.19690935883958,2192.2670292185976,4642.23379344276,330.02025871593196,)
: 0.8561149250259643 at 46 : 0:8224.202944003124,1:734.8836921859222,2211.8527317216553,4940.637250482725,2:179.56702760126353,395.4331566421056,6804.835866834604,3:3123.121379085849,3504.077826913737,459.2092559675156,9.452909889152057,

